Number of Queens | Calculation time (s) | Result
4	0.0853727	[1, 3, 0, 2, ]
5	0.428865	[1, 3, 0, 2, 4, ]
6	0.221638	[1, 3, 5, 0, 2, 4, ]
7	0.17447	[2, 5, 1, 4, 0, 3, 6, ]
8	0.189664	[5, 2, 6, 1, 3, 7, 0, 4, ]
9	0.0787566	[8, 3, 5, 7, 2, 0, 6, 4, 1, ]
10	0.111274	[9, 4, 2, 5, 8, 1, 7, 0, 3, 6, ]
11	0.0758911	[2, 4, 7, 9, 0, 5, 10, 1, 3, 6, 8, ]
12	0.0693775	[11, 6, 0, 3, 10, 7, 2, 8, 1, 4, 9, 5, ]
13	0.0944104	[3, 11, 4, 1, 9, 6, 10, 0, 2, 8, 5, 7, 12, ]
14	0.0593428	[6, 8, 11, 13, 4, 0, 9, 3, 12, 2, 7, 1, 10, 5, ]
15	0.0584467	[4, 11, 5, 14, 6, 10, 3, 13, 0, 2, 9, 7, 1, 8, 12, ]
16	0.0781301	[12, 10, 4, 0, 3, 5, 2, 11, 1, 15, 13, 9, 7, 14, 8, 6, ]
17	0.121009	[5, 10, 8, 13, 3, 16, 0, 11, 1, 6, 2, 14, 7, 9, 12, 15, 4, ]
18	0.0998384	[8, 17, 2, 9, 15, 12, 3, 0, 6, 14, 11, 5, 1, 16, 13, 10, 4, 7, ]
19	0.0743805	[12, 3, 16, 8, 11, 18, 2, 6, 17, 15, 0, 9, 5, 1, 14, 7, 10, 4, 13, ]
20	0.0590543	[12, 6, 9, 1, 13, 15, 3, 7, 19, 17, 0, 10, 18, 2, 5, 16, 8, 11, 4, 14, ]
21	0.137367	[0, 13, 16, 9, 1, 4, 11, 18, 15, 19, 3, 5, 10, 2, 17, 6, 8, 12, 14, 20, 7, ]
22	0.0733067	[13, 16, 7, 9, 12, 0, 18, 11, 6, 1, 20, 8, 3, 15, 17, 14, 10, 5, 2, 19, 21, 4, ]
23	0.112668	[12, 16, 7, 11, 3, 6, 20, 18, 8, 22, 13, 17, 9, 5, 1, 19, 4, 2, 14, 21, 10, 15, 0, ]
24	0.0730386	[2, 4, 20, 13, 10, 1, 11, 18, 3, 22, 17, 12, 6, 0, 23, 19, 14, 9, 15, 5, 8, 21, 7, 16, ]
25	0.139189	[14, 19, 13, 3, 0, 17, 23, 6, 18, 15, 7, 16, 4, 8, 21, 24, 2, 11, 20, 12, 5, 9, 1, 10, 22, ]
26	0.247945	[11, 17, 15, 4, 12, 8, 3, 13, 25, 21, 0, 20, 7, 1, 10, 22, 18, 9, 5, 23, 19, 14, 16, 6, 24, 2, ]
27	0.155812	[18, 10, 12, 17, 19, 21, 2, 5, 1, 26, 9, 16, 25, 3, 8, 23, 13, 0, 24, 6, 20, 22, 14, 11, 15, 7, 4, ]
28	0.151365	[18, 13, 4, 16, 21, 6, 1, 23, 15, 17, 7, 25, 0, 9, 14, 5, 19, 22, 27, 2, 12, 3, 26, 8, 10, 24, 20, 11, ]
29	0.18604	[11, 21, 19, 5, 16, 12, 7, 23, 2, 27, 6, 17, 20, 13, 28, 4, 25, 14, 0, 24, 3, 8, 26, 1, 15, 10, 18, 22, 9, ]
30	0.177925	[3, 10, 17, 23, 8, 27, 24, 13, 0, 20, 18, 6, 2, 29, 1, 9, 5, 14, 25, 21, 16, 4, 15, 11, 22, 26, 7, 12, 19, 28, ]
31	0.262124	[16, 23, 9, 24, 0, 13, 20, 1, 7, 14, 28, 3, 21, 30, 5, 10, 29, 18, 4, 2, 17, 27, 25, 11, 6, 15, 26, 12, 8, 22, 19, ]
32	0.242722	[12, 14, 16, 25, 21, 28, 11, 9, 2, 27, 3, 10, 15, 29, 20, 7, 4, 26, 22, 19, 30, 5, 13, 0, 31, 23, 6, 17, 24, 8, 1, 18, ]
33	0.170349	[15, 19, 4, 31, 5, 26, 22, 10, 13, 21, 17, 28, 0, 3, 27, 8, 24, 9, 32, 6, 18, 12, 2, 29, 23, 20, 11, 16, 1, 7, 30, 25, 14, ]
34	0.302744	[17, 6, 21, 19, 15, 25, 32, 11, 2, 0, 31, 9, 14, 27, 22, 33, 28, 16, 10, 26, 23, 18, 12, 8, 30, 4, 1, 5, 29, 13, 7, 24, 3, 20, ]
35	0.42775	[12, 9, 24, 5, 14, 25, 32, 0, 26, 16, 6, 17, 27, 10, 31, 18, 15, 2, 29, 8, 33, 19, 22, 1, 28, 30, 3, 21, 23, 20, 13, 11, 4, 34, 7, ]
36	0.307139	[21, 23, 4, 31, 3, 32, 11, 2, 27, 24, 20, 18, 15, 6, 8, 0, 12, 33, 35, 19, 28, 34, 1, 9, 30, 26, 16, 14, 17, 7, 22, 13, 29, 10, 25, 5, ]
37	0.253701	[12, 36, 22, 29, 7, 0, 13, 21, 1, 11, 34, 27, 17, 14, 35, 6, 31, 28, 4, 32, 30, 25, 19, 8, 16, 23, 26, 33, 15, 5, 9, 2, 10, 3, 24, 18, 20, ]
38	0.358409	[22, 15, 5, 24, 13, 20, 29, 7, 36, 25, 2, 28, 30, 17, 33, 14, 10, 4, 31, 12, 18, 3, 32, 34, 21, 27, 6, 16, 23, 8, 26, 37, 9, 0, 35, 1, 19, 11, ]
39	0.406463	[35, 37, 19, 28, 7, 20, 16, 6, 29, 17, 34, 8, 38, 14, 4, 1, 30, 15, 12, 23, 3, 27, 18, 5, 9, 32, 26, 36, 33, 0, 11, 24, 21, 25, 13, 10, 31, 2, 22, ]
40	0.547797	[13, 16, 4, 12, 29, 31, 5, 28, 20, 1, 30, 38, 17, 9, 18, 22, 26, 36, 34, 19, 37, 3, 33, 2, 27, 39, 0, 21, 6, 14, 11, 8, 15, 23, 35, 10, 25, 7, 24, 32, ]
41	0.382552	[7, 27, 18, 9, 22, 32, 21, 6, 31, 37, 13, 0, 12, 1, 8, 10, 17, 36, 26, 39, 25, 30, 14, 34, 28, 38, 5, 20, 40, 3, 11, 29, 2, 23, 16, 19, 33, 24, 4, 35, 15, ]
42	0.338071	[11, 41, 15, 29, 34, 19, 24, 9, 27, 10, 26, 20, 36, 12, 1, 22, 5, 3, 21, 4, 35, 31, 6, 40, 2, 37, 8, 23, 16, 0, 38, 25, 13, 39, 32, 14, 28, 17, 33, 7, 30, 18, ]
43	0.493111	[18, 22, 27, 4, 13, 15, 32, 39, 1, 16, 5, 17, 20, 29, 37, 9, 14, 31, 38, 2, 42, 24, 0, 34, 10, 40, 28, 8, 41, 11, 3, 21, 36, 30, 19, 6, 23, 12, 26, 35, 7, 25, 33, ]
44	0.579544	[15, 5, 27, 32, 16, 6, 25, 2, 14, 19, 37, 7, 43, 35, 3, 24, 40, 20, 8, 4, 22, 28, 10, 36, 42, 33, 1, 38, 26, 11, 21, 30, 9, 12, 18, 29, 41, 13, 0, 31, 23, 34, 39, 17, ]
45	0.470431	[24, 33, 31, 37, 23, 17, 42, 4, 13, 19, 25, 14, 6, 41, 1, 22, 15, 30, 11, 7, 40, 38, 20, 39, 32, 36, 12, 28, 8, 29, 34, 21, 0, 16, 5, 9, 27, 43, 3, 18, 35, 10, 44, 2, 26, ]
46	0.438578	[13, 22, 7, 14, 27, 6, 26, 31, 38, 40, 19, 15, 8, 12, 39, 30, 45, 11, 18, 25, 36, 33, 41, 16, 3, 35, 17, 10, 42, 1, 4, 34, 20, 2, 21, 5, 44, 32, 9, 28, 24, 43, 0, 23, 29, 37, ]
47	0.417269	[40, 33, 9, 3, 37, 28, 17, 19, 27, 12, 44, 32, 0, 6, 43, 10, 30, 35, 31, 18, 4, 45, 23, 13, 29, 2, 22, 42, 1, 46, 21, 39, 36, 14, 8, 24, 38, 7, 20, 25, 16, 26, 34, 41, 11, 5, 15, ]
48	0.722743	[22, 32, 12, 35, 17, 20, 40, 27, 11, 38, 47, 4, 24, 14, 42, 13, 10, 44, 37, 30, 15, 23, 46, 6, 29, 5, 34, 45, 3, 36, 2, 28, 9, 19, 8, 41, 18, 33, 26, 0, 39, 7, 31, 43, 1, 21, 25, 16, ]
49	0.616205	[35, 30, 27, 5, 9, 44, 37, 4, 18, 12, 26, 1, 6, 20, 3, 38, 46, 13, 19, 47, 28, 25, 33, 16, 36, 34, 39, 48, 45, 43, 22, 7, 31, 8, 40, 21, 15, 17, 23, 11, 0, 29, 42, 24, 14, 2, 41, 10, 32, ]
50	0.552377	[23, 26, 17, 35, 41, 11, 42, 3, 24, 38, 12, 19, 0, 4, 49, 25, 37, 43, 21, 18, 39, 48, 36, 10, 33, 47, 15, 28, 45, 27, 14, 5, 32, 9, 1, 16, 31, 34, 8, 44, 30, 2, 46, 7, 22, 20, 6, 40, 13, 29, ]
51	0.597861	[13, 22, 16, 6, 37, 24, 21, 41, 31, 44, 40, 36, 32, 18, 10, 27, 33, 39, 20, 26, 5, 48, 11, 7, 30, 49, 42, 1, 8, 38, 2, 12, 25, 19, 0, 45, 4, 28, 35, 50, 23, 14, 34, 47, 15, 43, 46, 17, 3, 9, 29, ]
52	0.921585	[17, 33, 14, 24, 27, 40, 51, 26, 11, 43, 5, 44, 18, 28, 10, 39, 7, 48, 38, 19, 47, 50, 3, 37, 12, 34, 42, 2, 36, 21, 16, 9, 31, 15, 45, 0, 25, 6, 4, 23, 13, 8, 32, 1, 49, 46, 29, 41, 22, 20, 35, 30, ]
53	0.657205	[19, 7, 3, 24, 35, 29, 18, 47, 36, 32, 1, 49, 16, 43, 21, 37, 26, 28, 50, 39, 5, 11, 4, 10, 33, 30, 51, 40, 42, 2, 46, 9, 6, 14, 31, 27, 12, 52, 15, 25, 48, 20, 8, 0, 38, 45, 41, 22, 44, 17, 13, 34, 23, ]
54	1.15477	[17, 38, 23, 48, 9, 6, 26, 11, 15, 12, 33, 52, 10, 37, 14, 47, 43, 31, 29, 45, 4, 51, 16, 32, 21, 8, 0, 40, 46, 44, 5, 50, 25, 28, 3, 1, 13, 7, 18, 41, 2, 30, 34, 53, 22, 24, 19, 35, 20, 36, 49, 27, 42, 39, ]
55	1.11334	[28, 31, 13, 40, 20, 36, 21, 33, 43, 17, 53, 3, 19, 51, 32, 18, 22, 38, 41, 1, 47, 45, 35, 7, 49, 4, 11, 29, 14, 39, 52, 8, 15, 42, 0, 30, 50, 25, 10, 6, 44, 9, 12, 37, 34, 16, 24, 5, 46, 23, 26, 2, 48, 54, 27, ]
56	0.907735	[47, 24, 37, 12, 7, 51, 21, 29, 27, 46, 3, 52, 39, 45, 43, 54, 2, 17, 6, 25, 30, 16, 23, 19, 5, 8, 0, 35, 10, 14, 44, 42, 9, 38, 26, 55, 53, 50, 32, 41, 13, 20, 33, 40, 4, 49, 18, 34, 1, 48, 28, 31, 36, 15, 11, 22, ]
57	1.00163	[31, 40, 20, 33, 29, 48, 11, 16, 56, 37, 34, 51, 39, 24, 36, 25, 2, 10, 3, 19, 12, 54, 13, 43, 18, 44, 42, 22, 15, 5, 0, 30, 35, 47, 38, 23, 9, 17, 1, 45, 7, 49, 32, 27, 21, 26, 53, 8, 50, 14, 46, 6, 41, 28, 55, 52, 4, ]
58	0.899493	[31, 16, 26, 56, 32, 25, 5, 11, 24, 17, 15, 45, 41, 8, 21, 51, 6, 10, 39, 49, 18, 2, 28, 1, 27, 36, 14, 44, 50, 29, 57, 54, 33, 0, 9, 53, 55, 46, 7, 35, 22, 3, 52, 37, 23, 47, 43, 34, 12, 20, 4, 42, 38, 19, 30, 40, 48, 13, ]
59	1.40318	[35, 26, 9, 25, 51, 15, 44, 22, 8, 23, 58, 1, 33, 29, 19, 42, 3, 14, 52, 48, 38, 13, 53, 56, 50, 0, 10, 46, 34, 12, 16, 54, 6, 32, 5, 24, 30, 17, 55, 47, 43, 36, 18, 28, 40, 49, 57, 4, 41, 31, 2, 39, 20, 11, 45, 27, 7, 21, 37, ]
60	1.54434	[8, 30, 45, 33, 36, 53, 42, 25, 48, 11, 1, 58, 26, 13, 2, 46, 37, 54, 16, 35, 29, 14, 44, 6, 57, 3, 38, 47, 31, 28, 49, 12, 59, 18, 41, 7, 5, 23, 39, 0, 22, 56, 21, 40, 34, 55, 9, 51, 4, 24, 15, 19, 32, 27, 50, 17, 20, 10, 52, 43, ]
61	1.23338	[12, 18, 25, 7, 28, 8, 40, 38, 3, 31, 45, 55, 23, 34, 15, 43, 32, 9, 54, 17, 57, 60, 35, 14, 39, 50, 2, 46, 42, 4, 26, 51, 58, 11, 0, 19, 13, 27, 47, 41, 22, 30, 52, 24, 44, 5, 33, 6, 20, 10, 1, 59, 49, 21, 37, 48, 36, 56, 29, 53, 16, ]
62	1.48036	[55, 3, 23, 41, 26, 48, 10, 12, 49, 37, 16, 38, 44, 14, 22, 9, 1, 51, 11, 18, 20, 60, 40, 35, 27, 58, 24, 57, 5, 19, 4, 45, 0, 8, 54, 52, 43, 34, 7, 28, 2, 50, 61, 21, 25, 56, 59, 33, 6, 29, 15, 42, 47, 32, 36, 31, 39, 17, 46, 30, 13, 53, ]
63	1.76573	[36, 2, 4, 49, 56, 12, 28, 13, 59, 48, 51, 37, 50, 5, 26, 10, 25, 11, 31, 16, 7, 29, 21, 19, 27, 43, 58, 42, 1, 52, 8, 35, 0, 22, 39, 55, 47, 54, 62, 14, 40, 6, 61, 53, 20, 33, 60, 9, 15, 30, 24, 3, 18, 44, 23, 34, 46, 41, 17, 57, 45, 38, 32, ]
64	1.237	[61, 41, 12, 21, 29, 10, 52, 40, 57, 59, 33, 27, 8, 4, 22, 63, 38, 43, 19, 26, 47, 9, 58, 60, 53, 0, 15, 7, 11, 3, 51, 25, 44, 36, 62, 13, 50, 56, 49, 31, 24, 14, 2, 45, 30, 6, 55, 42, 1, 17, 35, 48, 39, 20, 18, 54, 46, 5, 37, 16, 32, 23, 28, 34, ]
65	1.63705	[19, 39, 45, 50, 61, 31, 35, 8, 41, 12, 10, 24, 44, 9, 59, 33, 21, 1, 52, 49, 18, 6, 4, 27, 5, 47, 34, 37, 51, 26, 16, 56, 0, 42, 17, 22, 63, 32, 53, 46, 64, 57, 36, 23, 14, 62, 38, 58, 54, 3, 13, 11, 40, 30, 43, 48, 15, 29, 60, 2, 7, 28, 20, 25, 55, ]
66	1.7186	[39, 43, 35, 28, 36, 10, 46, 48, 5, 63, 22, 6, 15, 47, 44, 11, 8, 19, 32, 2, 26, 57, 29, 41, 50, 45, 16, 65, 17, 37, 4, 12, 25, 62, 55, 51, 58, 64, 24, 38, 1, 7, 27, 13, 53, 60, 30, 34, 61, 59, 23, 20, 31, 54, 0, 49, 3, 33, 56, 9, 42, 52, 18, 40, 21, 14, ]
67	1.75721	[35, 2, 20, 8, 29, 4, 46, 14, 66, 41, 51, 30, 25, 27, 52, 62, 32, 47, 28, 19, 43, 10, 58, 65, 55, 40, 3, 1, 54, 7, 0, 42, 23, 53, 63, 37, 60, 64, 24, 21, 11, 34, 45, 6, 56, 39, 12, 22, 9, 36, 31, 48, 61, 49, 38, 59, 15, 13, 18, 57, 50, 33, 16, 5, 26, 44, 17, ]
68	2.02971	[35, 26, 45, 3, 38, 47, 63, 27, 16, 58, 1, 20, 42, 31, 37, 0, 32, 46, 66, 2, 21, 15, 6, 59, 48, 13, 53, 44, 9, 36, 10, 50, 11, 64, 24, 56, 51, 43, 40, 65, 62, 4, 19, 25, 5, 55, 49, 39, 60, 17, 12, 8, 18, 67, 23, 28, 61, 7, 54, 52, 14, 33, 57, 22, 29, 41, 30, 34, ]
69	1.79178	[48, 41, 38, 8, 30, 4, 19, 60, 6, 40, 33, 52, 14, 51, 7, 44, 17, 29, 5, 26, 35, 10, 68, 37, 63, 16, 54, 46, 61, 59, 55, 1, 42, 21, 18, 12, 36, 45, 24, 22, 58, 50, 53, 25, 64, 67, 20, 3, 9, 27, 56, 43, 32, 0, 49, 15, 23, 47, 62, 34, 39, 57, 13, 66, 28, 31, 11, 2, 65, ]
70	1.72948	[9, 25, 41, 51, 58, 37, 64, 53, 33, 3, 54, 11, 7, 15, 1, 8, 4, 50, 34, 10, 49, 44, 63, 65, 16, 62, 24, 67, 55, 26, 48, 69, 2, 6, 38, 45, 39, 14, 20, 22, 5, 60, 47, 56, 12, 57, 52, 68, 28, 30, 13, 40, 19, 43, 23, 31, 18, 36, 59, 66, 32, 21, 46, 27, 42, 61, 0, 17, 29, 35, ]
71	1.84614	[14, 33, 27, 50, 39, 49, 9, 6, 32, 60, 21, 13, 34, 22, 45, 52, 61, 3, 46, 67, 43, 31, 26, 56, 66, 59, 2, 65, 57, 8, 69, 19, 15, 29, 54, 1, 5, 58, 18, 12, 17, 68, 36, 51, 63, 38, 30, 25, 53, 44, 24, 7, 37, 28, 11, 47, 62, 48, 10, 41, 0, 42, 4, 35, 64, 55, 16, 20, 23, 70, 40, ]
72	2.80181	[30, 24, 20, 47, 19, 55, 28, 41, 25, 36, 29, 21, 63, 5, 45, 11, 51, 60, 56, 65, 18, 16, 71, 62, 66, 15, 27, 2, 68, 7, 17, 57, 37, 13, 34, 38, 64, 49, 32, 43, 23, 3, 1, 52, 69, 44, 9, 54, 6, 70, 31, 67, 58, 61, 10, 48, 0, 14, 22, 33, 46, 4, 50, 42, 40, 26, 12, 35, 39, 53, 59, 8, ]
73	2.17781	[26, 34, 25, 42, 62, 69, 38, 47, 16, 9, 48, 14, 28, 40, 55, 49, 67, 12, 23, 30, 0, 63, 10, 71, 39, 32, 22, 45, 53, 18, 65, 60, 41, 70, 2, 11, 64, 15, 13, 3, 46, 35, 66, 17, 31, 59, 44, 51, 61, 1, 20, 68, 37, 43, 5, 56, 58, 50, 24, 19, 8, 6, 72, 54, 21, 57, 27, 4, 33, 36, 29, 52, 7, ]
74	3.04166	[13, 10, 49, 30, 63, 40, 31, 22, 48, 62, 4, 27, 51, 41, 34, 29, 61, 72, 17, 12, 8, 53, 43, 45, 55, 67, 16, 7, 66, 26, 2, 68, 18, 20, 52, 11, 70, 6, 64, 46, 69, 39, 19, 35, 25, 50, 3, 5, 60, 38, 9, 24, 36, 23, 73, 15, 57, 65, 0, 59, 21, 1, 28, 42, 47, 56, 44, 71, 32, 14, 37, 33, 54, 58, ]
75	4.29543	[49, 41, 60, 51, 59, 28, 12, 72, 33, 55, 45, 70, 64, 25, 53, 58, 7, 31, 18, 5, 0, 37, 17, 54, 48, 3, 14, 74, 32, 16, 56, 44, 21, 10, 71, 73, 20, 34, 30, 67, 38, 9, 69, 1, 66, 2, 61, 22, 11, 42, 52, 47, 57, 4, 63, 15, 29, 39, 65, 6, 68, 23, 26, 19, 35, 50, 27, 36, 62, 43, 13, 24, 8, 40, 46, ]
76	2.48951	[69, 26, 51, 31, 24, 1, 37, 33, 66, 38, 21, 67, 49, 57, 32, 65, 35, 18, 23, 6, 34, 42, 54, 62, 0, 17, 36, 60, 45, 72, 27, 71, 7, 75, 61, 15, 52, 30, 22, 29, 8, 11, 13, 55, 50, 4, 12, 70, 56, 64, 41, 73, 40, 3, 43, 59, 63, 20, 53, 5, 39, 74, 48, 2, 25, 47, 68, 19, 28, 10, 14, 44, 46, 9, 16, 58, ]
77	3.48683	[40, 23, 54, 3, 50, 56, 27, 62, 43, 1, 55, 47, 66, 28, 15, 29, 73, 14, 31, 68, 5, 64, 30, 7, 12, 32, 51, 59, 75, 52, 49, 41, 74, 38, 71, 18, 34, 67, 10, 63, 2, 9, 46, 24, 72, 19, 17, 37, 42, 48, 70, 4, 16, 69, 20, 11, 58, 36, 53, 65, 35, 21, 0, 13, 76, 26, 33, 60, 45, 6, 61, 57, 8, 25, 22, 44, 39, ]
78	1.75245	[33, 12, 24, 50, 19, 15, 18, 56, 46, 26, 31, 61, 63, 27, 32, 47, 62, 51, 76, 54, 16, 28, 25, 20, 65, 70, 8, 10, 68, 57, 21, 0, 74, 9, 36, 55, 52, 30, 1, 17, 44, 67, 29, 2, 73, 75, 59, 3, 71, 11, 5, 60, 22, 34, 38, 43, 13, 7, 77, 53, 40, 66, 23, 69, 37, 64, 58, 42, 35, 14, 6, 39, 49, 45, 48, 41, 4, 72, ]
79	3.88892	[20, 66, 6, 44, 35, 67, 24, 46, 72, 18, 50, 39, 23, 70, 40, 30, 8, 54, 78, 9, 71, 15, 29, 36, 25, 41, 69, 62, 33, 4, 75, 56, 31, 60, 42, 73, 68, 11, 52, 63, 22, 5, 13, 64, 21, 43, 12, 59, 77, 37, 53, 1, 17, 48, 14, 27, 0, 57, 16, 76, 51, 58, 32, 47, 74, 61, 34, 10, 7, 28, 3, 49, 26, 19, 55, 38, 65, 2, 45, ]
80	2.97031	[47, 30, 68, 39, 61, 56, 34, 22, 49, 32, 16, 44, 9, 25, 5, 52, 36, 19, 0, 67, 60, 79, 17, 54, 48, 46, 65, 77, 6, 74, 15, 2, 28, 41, 1, 18, 8, 21, 24, 58, 75, 35, 40, 42, 12, 33, 63, 37, 64, 26, 55, 73, 14, 78, 72, 4, 57, 66, 71, 59, 70, 7, 76, 38, 23, 31, 27, 43, 13, 50, 3, 51, 45, 29, 53, 62, 69, 11, 20, 10, ]
81	3.34838	[63, 39, 44, 23, 38, 53, 50, 30, 20, 58, 66, 9, 33, 71, 18, 45, 7, 54, 34, 32, 80, 43, 0, 47, 35, 61, 8, 74, 69, 1, 13, 19, 77, 52, 73, 12, 68, 24, 37, 57, 65, 36, 56, 78, 59, 46, 3, 55, 76, 29, 5, 2, 17, 62, 25, 28, 31, 42, 60, 22, 6, 67, 26, 10, 16, 41, 27, 72, 4, 79, 40, 11, 51, 21, 48, 14, 70, 15, 64, 75, 49, ]
82	4.7459	[14, 33, 5, 10, 66, 48, 55, 60, 42, 68, 79, 34, 27, 44, 13, 61, 56, 29, 40, 30, 15, 47, 73, 65, 8, 17, 81, 21, 45, 62, 75, 72, 51, 69, 59, 16, 11, 4, 2, 36, 22, 43, 32, 49, 20, 63, 74, 7, 31, 70, 50, 67, 38, 12, 6, 0, 76, 53, 24, 28, 25, 19, 9, 18, 77, 1, 3, 71, 41, 57, 78, 64, 52, 58, 37, 26, 46, 39, 35, 80, 54, 23, ]
83	3.17246	[75, 30, 40, 69, 76, 50, 29, 22, 0, 49, 54, 73, 13, 66, 26, 5, 43, 39, 51, 32, 56, 12, 28, 34, 78, 9, 63, 77, 46, 24, 7, 16, 6, 59, 62, 14, 70, 31, 81, 64, 47, 19, 41, 67, 27, 45, 2, 79, 57, 17, 23, 44, 82, 1, 8, 52, 25, 74, 3, 55, 65, 71, 38, 15, 35, 53, 80, 10, 72, 58, 42, 37, 21, 48, 61, 36, 18, 11, 4, 60, 33, 20, 68, ]
84	3.17201	[55, 75, 10, 21, 46, 73, 66, 83, 78, 53, 37, 25, 36, 8, 45, 56, 52, 49, 31, 34, 14, 2, 41, 20, 33, 79, 9, 65, 24, 76, 59, 43, 80, 54, 67, 7, 64, 47, 26, 6, 4, 44, 16, 22, 81, 15, 69, 77, 3, 48, 61, 28, 17, 35, 60, 39, 72, 18, 38, 63, 50, 32, 82, 68, 57, 12, 1, 74, 13, 11, 0, 58, 70, 62, 42, 23, 19, 29, 5, 30, 71, 27, 51, 40, ]
85	4.87606	[23, 47, 44, 42, 56, 12, 33, 43, 67, 73, 63, 40, 55, 3, 65, 10, 54, 35, 18, 84, 9, 34, 16, 26, 20, 8, 70, 51, 0, 11, 77, 52, 72, 38, 22, 80, 61, 17, 49, 24, 19, 1, 48, 58, 37, 57, 45, 21, 74, 79, 69, 29, 62, 81, 46, 53, 64, 5, 28, 76, 6, 83, 14, 30, 78, 7, 32, 2, 31, 71, 15, 39, 59, 4, 75, 66, 13, 36, 82, 50, 41, 25, 68, 60, 27, ]
86	3.3029	[21, 54, 40, 19, 7, 42, 46, 41, 62, 68, 52, 50, 44, 76, 24, 82, 59, 85, 69, 26, 66, 32, 18, 84, 25, 43, 2, 56, 22, 0, 3, 78, 80, 55, 83, 63, 38, 6, 73, 53, 70, 16, 30, 60, 36, 15, 39, 29, 75, 10, 13, 77, 14, 11, 51, 12, 65, 37, 71, 45, 9, 4, 28, 67, 20, 48, 34, 79, 5, 58, 49, 35, 27, 23, 74, 47, 81, 64, 17, 57, 1, 72, 33, 31, 61, 8, ]
87	2.98326	[57, 67, 21, 27, 83, 50, 33, 36, 6, 58, 16, 10, 71, 56, 8, 20, 17, 12, 38, 72, 53, 37, 70, 65, 24, 85, 73, 78, 32, 2, 15, 75, 44, 46, 66, 69, 59, 26, 13, 35, 4, 0, 51, 64, 52, 63, 25, 19, 5, 23, 11, 79, 82, 31, 47, 77, 9, 74, 60, 62, 86, 28, 76, 39, 48, 55, 43, 14, 30, 84, 81, 40, 18, 7, 54, 3, 68, 45, 41, 34, 61, 22, 42, 80, 49, 1, 29, ]
88	3.81835	[65, 46, 48, 3, 1, 57, 4, 35, 17, 50, 31, 28, 51, 75, 80, 58, 54, 49, 62, 32, 56, 84, 16, 11, 7, 21, 38, 18, 76, 86, 77, 55, 37, 59, 15, 60, 87, 40, 10, 70, 27, 52, 72, 63, 67, 9, 6, 24, 33, 82, 85, 78, 45, 29, 83, 0, 2, 71, 25, 30, 79, 69, 12, 36, 23, 14, 44, 8, 22, 43, 74, 13, 64, 5, 26, 81, 20, 42, 47, 68, 41, 61, 66, 39, 19, 53, 34, 73, ]
89	3.81334	[39, 28, 63, 52, 48, 67, 43, 23, 65, 69, 80, 45, 33, 55, 44, 84, 68, 21, 76, 16, 4, 6, 53, 25, 22, 42, 14, 56, 29, 24, 62, 85, 0, 47, 40, 86, 79, 17, 50, 72, 36, 10, 87, 83, 38, 2, 18, 58, 61, 32, 78, 74, 71, 34, 9, 31, 64, 3, 49, 51, 35, 81, 41, 70, 73, 12, 5, 82, 46, 1, 88, 20, 59, 66, 27, 75, 26, 8, 11, 19, 54, 37, 30, 60, 13, 15, 7, 57, 77, ]
90	4.57737	[37, 43, 20, 87, 4, 77, 54, 34, 40, 80, 9, 35, 13, 23, 49, 38, 2, 71, 88, 11, 36, 19, 7, 61, 68, 29, 55, 46, 79, 85, 73, 24, 27, 63, 70, 12, 14, 65, 78, 84, 21, 10, 76, 33, 41, 48, 51, 86, 81, 28, 17, 66, 58, 75, 16, 64, 39, 74, 42, 6, 8, 69, 83, 57, 15, 1, 5, 32, 18, 3, 45, 30, 52, 62, 31, 47, 72, 59, 89, 67, 82, 44, 50, 0, 60, 56, 26, 53, 25, 22, ]
91	4.27288	[14, 55, 31, 51, 44, 48, 43, 32, 11, 59, 27, 35, 22, 15, 87, 36, 28, 81, 64, 78, 40, 19, 5, 42, 18, 80, 73, 88, 62, 38, 34, 57, 89, 63, 9, 20, 49, 10, 74, 90, 82, 85, 58, 70, 6, 12, 77, 25, 86, 46, 37, 52, 75, 39, 65, 16, 61, 47, 17, 30, 3, 33, 84, 13, 71, 1, 66, 2, 83, 8, 50, 45, 21, 41, 56, 4, 60, 54, 67, 7, 72, 26, 24, 0, 53, 23, 79, 68, 76, 29, 69, ]
92	5.46259	[66, 28, 47, 89, 9, 67, 15, 48, 82, 10, 2, 33, 73, 76, 39, 21, 60, 64, 46, 32, 54, 75, 55, 19, 84, 43, 20, 16, 52, 65, 17, 26, 51, 23, 90, 34, 79, 58, 91, 13, 77, 61, 18, 11, 86, 74, 63, 57, 0, 35, 85, 22, 27, 14, 7, 78, 3, 36, 24, 29, 45, 30, 1, 40, 6, 69, 59, 4, 50, 83, 8, 71, 56, 80, 72, 37, 25, 88, 81, 87, 68, 62, 5, 38, 42, 12, 53, 70, 44, 49, 41, 31, ]
93	5.53069	[13, 67, 40, 15, 43, 75, 46, 12, 0, 86, 27, 32, 36, 66, 44, 60, 30, 8, 73, 77, 10, 85, 55, 1, 21, 11, 6, 83, 31, 24, 72, 80, 34, 37, 69, 3, 29, 57, 74, 91, 49, 47, 92, 70, 81, 28, 9, 54, 71, 38, 78, 20, 62, 7, 79, 42, 5, 58, 87, 17, 39, 61, 23, 19, 90, 53, 82, 65, 52, 84, 4, 45, 18, 35, 50, 48, 33, 16, 89, 26, 76, 2, 22, 64, 14, 56, 51, 59, 63, 88, 41, 68, 25, ]
94	5.11778	[30, 75, 19, 22, 51, 61, 2, 92, 74, 79, 54, 24, 62, 14, 37, 27, 16, 72, 10, 25, 66, 70, 47, 80, 46, 12, 59, 36, 67, 69, 20, 41, 8, 68, 23, 86, 77, 9, 64, 17, 33, 65, 6, 34, 89, 93, 21, 63, 76, 87, 57, 7, 13, 39, 85, 32, 90, 40, 53, 73, 1, 88, 83, 60, 29, 49, 84, 11, 0, 43, 38, 82, 18, 78, 26, 56, 91, 48, 5, 58, 4, 35, 52, 71, 44, 42, 31, 81, 55, 15, 45, 50, 28, 3, ]
95	4.50083	[83, 88, 27, 24, 17, 36, 45, 31, 76, 43, 66, 87, 14, 29, 42, 13, 75, 46, 85, 51, 5, 67, 73, 64, 69, 8, 92, 50, 20, 93, 19, 79, 47, 68, 78, 11, 44, 91, 2, 57, 34, 84, 62, 15, 6, 82, 7, 35, 65, 89, 4, 55, 9, 16, 81, 56, 53, 37, 10, 41, 70, 12, 28, 18, 3, 40, 71, 86, 74, 60, 54, 21, 0, 63, 52, 48, 23, 25, 77, 38, 59, 90, 94, 32, 49, 1, 30, 80, 33, 58, 61, 72, 22, 39, 26, ]
96	3.71645	[92, 54, 15, 51, 79, 95, 47, 39, 29, 60, 64, 11, 14, 59, 21, 62, 13, 43, 57, 78, 4, 83, 23, 72, 44, 42, 36, 67, 56, 32, 2, 5, 12, 66, 30, 71, 6, 19, 93, 18, 7, 10, 84, 87, 94, 76, 17, 82, 40, 65, 61, 50, 35, 90, 68, 16, 3, 52, 20, 86, 38, 24, 28, 88, 73, 89, 70, 9, 91, 63, 0, 77, 45, 8, 31, 80, 27, 41, 37, 33, 55, 58, 26, 69, 49, 22, 74, 85, 46, 34, 81, 25, 48, 53, 75, 1, ]
97	4.33559	[12, 53, 34, 52, 42, 90, 9, 28, 95, 51, 32, 54, 7, 30, 84, 22, 17, 83, 55, 72, 64, 67, 70, 21, 24, 39, 80, 85, 38, 10, 19, 87, 40, 35, 75, 3, 71, 56, 37, 43, 31, 92, 66, 15, 13, 74, 91, 14, 2, 65, 81, 76, 11, 93, 88, 60, 18, 68, 23, 77, 96, 89, 0, 33, 94, 61, 1, 44, 62, 20, 27, 50, 45, 86, 49, 5, 59, 8, 63, 69, 36, 57, 4, 46, 29, 25, 79, 58, 6, 16, 78, 41, 47, 73, 26, 48, 82, ]
98	5.14532	[10, 53, 55, 23, 90, 71, 57, 32, 8, 72, 22, 30, 70, 91, 38, 12, 52, 39, 89, 78, 28, 94, 61, 68, 45, 36, 54, 62, 1, 59, 29, 69, 79, 97, 24, 5, 77, 64, 87, 25, 34, 37, 9, 7, 0, 88, 80, 93, 96, 65, 15, 42, 27, 2, 33, 31, 17, 49, 4, 63, 86, 56, 13, 21, 95, 66, 6, 35, 3, 83, 48, 74, 85, 50, 16, 81, 58, 51, 41, 84, 73, 18, 67, 92, 11, 47, 43, 40, 60, 14, 20, 46, 75, 19, 82, 26, 76, 44, ]
99	5.49246	[92, 82, 26, 35, 47, 67, 44, 23, 3, 36, 50, 30, 59, 52, 72, 40, 37, 45, 9, 71, 79, 57, 76, 68, 94, 7, 13, 29, 74, 17, 63, 73, 87, 34, 2, 65, 32, 12, 95, 62, 90, 75, 0, 42, 25, 21, 64, 11, 22, 80, 4, 31, 5, 60, 98, 70, 18, 86, 51, 96, 20, 16, 84, 24, 81, 85, 78, 61, 8, 6, 56, 77, 55, 15, 83, 46, 48, 88, 1, 93, 43, 33, 38, 53, 28, 69, 19, 97, 54, 14, 49, 58, 39, 66, 91, 27, 41, 89, 10, ]
100	4.33986	[20, 51, 6, 98, 46, 83, 86, 48, 54, 74, 57, 19, 75, 9, 52, 38, 41, 10, 31, 28, 69, 49, 16, 77, 1, 95, 87, 66, 97, 88, 78, 55, 53, 93, 45, 21, 35, 4, 68, 12, 42, 17, 3, 5, 99, 30, 81, 18, 80, 15, 47, 70, 7, 43, 60, 56, 82, 91, 33, 13, 89, 0, 22, 61, 14, 96, 73, 79, 36, 64, 40, 85, 44, 8, 92, 23, 58, 94, 29, 84, 90, 34, 27, 72, 63, 65, 67, 71, 2, 76, 39, 50, 11, 25, 37, 59, 26, 62, 32, 24, ]
101	6.07262	[49, 68, 82, 16, 33, 31, 98, 4, 62, 72, 50, 79, 21, 13, 88, 42, 39, 61, 48, 75, 59, 11, 67, 35, 56, 83, 3, 41, 89, 32, 5, 96, 27, 1, 6, 28, 71, 97, 76, 94, 58, 15, 84, 2, 51, 86, 40, 93, 19, 100, 70, 14, 85, 90, 43, 54, 80, 36, 45, 17, 22, 77, 53, 91, 10, 8, 52, 65, 38, 23, 26, 12, 73, 78, 25, 60, 37, 0, 95, 44, 99, 7, 34, 47, 57, 87, 69, 18, 92, 81, 66, 9, 20, 74, 63, 30, 46, 64, 55, 29, 24, ]
102	6.96134	[53, 94, 90, 51, 16, 82, 37, 31, 10, 5, 45, 60, 71, 27, 65, 47, 101, 35, 68, 44, 98, 61, 83, 78, 67, 19, 97, 0, 38, 46, 63, 30, 41, 80, 91, 54, 96, 23, 100, 2, 66, 85, 62, 8, 21, 49, 74, 25, 55, 36, 40, 26, 79, 69, 14, 89, 1, 57, 12, 81, 7, 3, 18, 93, 43, 13, 42, 33, 73, 84, 99, 92, 52, 86, 59, 72, 20, 32, 76, 9, 75, 48, 64, 29, 95, 17, 11, 56, 39, 77, 58, 28, 6, 22, 87, 4, 15, 24, 70, 88, 50, 34, ]
103	5.04791	[25, 35, 6, 61, 19, 93, 62, 85, 72, 76, 38, 13, 64, 84, 101, 55, 70, 79, 47, 74, 102, 14, 67, 43, 21, 26, 99, 22, 44, 40, 73, 97, 49, 1, 3, 7, 41, 58, 75, 87, 4, 65, 29, 0, 56, 39, 88, 5, 66, 34, 57, 12, 96, 59, 95, 2, 11, 17, 50, 94, 91, 27, 92, 77, 83, 10, 98, 32, 90, 60, 24, 48, 52, 63, 8, 71, 89, 86, 54, 31, 80, 30, 9, 33, 20, 16, 69, 15, 51, 42, 100, 53, 78, 82, 36, 46, 37, 45, 23, 28, 81, 68, 18, ]
104	4.8609	[60, 52, 7, 24, 39, 13, 40, 61, 5, 54, 76, 36, 82, 84, 6, 41, 45, 78, 33, 93, 70, 27, 77, 50, 48, 44, 103, 11, 92, 47, 86, 2, 25, 91, 72, 49, 14, 81, 21, 26, 12, 23, 16, 32, 101, 56, 89, 38, 88, 29, 4, 98, 22, 9, 85, 62, 37, 69, 8, 28, 59, 19, 90, 79, 3, 95, 99, 80, 34, 63, 58, 66, 94, 96, 53, 73, 31, 0, 55, 75, 83, 57, 10, 17, 74, 71, 35, 87, 15, 64, 100, 20, 51, 30, 67, 1, 97, 18, 102, 42, 46, 43, 65, 68, ]
105	7.49837	[12, 28, 76, 85, 43, 55, 94, 36, 57, 61, 73, 82, 98, 19, 58, 11, 93, 54, 2, 6, 25, 14, 41, 18, 13, 15, 87, 59, 90, 62, 78, 56, 83, 63, 47, 7, 91, 39, 30, 104, 74, 84, 16, 9, 102, 10, 49, 27, 31, 96, 44, 97, 52, 29, 69, 4, 0, 80, 89, 81, 68, 24, 100, 48, 34, 32, 64, 17, 1, 23, 88, 35, 50, 99, 3, 26, 77, 101, 92, 38, 79, 22, 86, 71, 95, 67, 21, 103, 46, 42, 45, 53, 65, 72, 75, 37, 33, 5, 66, 51, 20, 70, 40, 60, 8, ]
106	7.69678	[86, 52, 17, 51, 60, 13, 29, 77, 28, 21, 36, 101, 49, 82, 30, 92, 62, 57, 53, 102, 45, 27, 71, 73, 100, 93, 7, 20, 24, 3, 104, 78, 94, 25, 48, 46, 70, 68, 99, 0, 85, 105, 31, 19, 12, 54, 98, 16, 84, 11, 5, 37, 15, 74, 95, 56, 44, 79, 55, 32, 42, 59, 10, 40, 6, 50, 90, 61, 72, 47, 103, 18, 8, 91, 34, 75, 81, 33, 88, 96, 87, 80, 35, 4, 97, 9, 66, 14, 2, 64, 41, 1, 63, 83, 39, 65, 26, 22, 89, 43, 23, 58, 67, 69, 76, 38, ]
107	7.82247	[65, 59, 77, 13, 2, 95, 89, 92, 50, 75, 30, 72, 45, 68, 61, 28, 52, 33, 74, 19, 43, 94, 10, 99, 1, 3, 40, 51, 98, 16, 4, 46, 66, 58, 39, 85, 73, 100, 79, 20, 8, 31, 64, 96, 11, 41, 84, 9, 60, 76, 14, 0, 37, 48, 7, 27, 6, 83, 88, 70, 104, 80, 90, 106, 29, 67, 105, 47, 26, 38, 54, 34, 101, 15, 81, 35, 82, 71, 53, 97, 5, 22, 86, 44, 12, 93, 18, 63, 87, 62, 21, 25, 78, 102, 42, 17, 32, 24, 91, 55, 23, 56, 103, 69, 49, 57, 36, ]
108	8.51698	[79, 26, 60, 97, 77, 53, 46, 62, 43, 38, 86, 35, 105, 75, 18, 98, 9, 55, 50, 20, 70, 72, 4, 80, 0, 74, 23, 44, 49, 66, 71, 25, 10, 100, 94, 88, 107, 29, 82, 24, 5, 41, 8, 14, 90, 52, 13, 37, 61, 59, 48, 93, 1, 12, 99, 64, 92, 32, 89, 19, 16, 30, 68, 96, 11, 104, 17, 39, 47, 56, 51, 2, 63, 103, 6, 87, 95, 27, 33, 78, 83, 21, 36, 106, 58, 42, 81, 101, 22, 3, 76, 54, 15, 31, 102, 57, 84, 67, 7, 40, 73, 85, 91, 28, 34, 69, 45, 65, ]
109	10.1718	[80, 86, 45, 33, 54, 52, 34, 0, 92, 46, 50, 106, 47, 71, 4, 41, 23, 31, 63, 90, 12, 16, 5, 26, 84, 44, 99, 15, 100, 49, 11, 98, 83, 10, 67, 88, 38, 8, 82, 43, 51, 77, 101, 1, 53, 30, 75, 60, 35, 17, 104, 21, 25, 18, 72, 87, 95, 32, 81, 6, 42, 37, 48, 94, 70, 107, 78, 64, 69, 24, 36, 65, 20, 89, 58, 66, 19, 13, 105, 103, 85, 96, 14, 57, 29, 27, 2, 108, 39, 97, 59, 3, 55, 91, 56, 74, 7, 61, 76, 79, 22, 62, 28, 102, 93, 40, 73, 9, 68, ]
110	7.64764	[24, 85, 62, 88, 13, 44, 79, 60, 97, 52, 18, 58, 17, 20, 89, 66, 37, 93, 45, 23, 19, 4, 40, 103, 59, 87, 28, 104, 80, 94, 6, 51, 9, 78, 32, 71, 16, 70, 84, 102, 96, 98, 35, 74, 29, 68, 1, 81, 61, 27, 38, 92, 63, 5, 21, 77, 14, 76, 42, 99, 8, 53, 31, 75, 26, 30, 95, 105, 10, 33, 49, 86, 0, 47, 25, 12, 73, 2, 72, 65, 67, 3, 22, 100, 41, 39, 54, 69, 83, 7, 11, 82, 106, 36, 90, 56, 34, 107, 48, 55, 101, 91, 108, 15, 64, 50, 109, 46, 57, 43, ]
111	10.1866	[69, 58, 61, 46, 83, 63, 28, 87, 1, 9, 15, 45, 48, 8, 65, 92, 7, 47, 56, 3, 10, 107, 40, 55, 43, 78, 82, 88, 68, 70, 84, 105, 74, 80, 51, 38, 96, 35, 109, 13, 103, 52, 23, 11, 17, 6, 108, 33, 0, 95, 100, 66, 39, 49, 102, 20, 41, 54, 79, 12, 93, 25, 21, 29, 76, 64, 97, 90, 57, 32, 30, 75, 98, 101, 53, 110, 85, 91, 60, 26, 42, 31, 106, 89, 67, 4, 2, 94, 16, 77, 34, 18, 86, 5, 27, 36, 104, 72, 44, 19, 71, 81, 37, 59, 22, 62, 73, 99, 50, 14, 24, ]
112	9.27704	[54, 17, 94, 9, 47, 63, 43, 59, 73, 76, 57, 32, 29, 33, 78, 50, 55, 105, 68, 37, 111, 107, 98, 38, 87, 20, 56, 82, 27, 58, 99, 16, 45, 90, 109, 40, 62, 75, 14, 110, 18, 42, 8, 103, 88, 69, 49, 31, 36, 13, 7, 51, 108, 72, 6, 100, 96, 84, 5, 71, 41, 93, 10, 28, 25, 101, 70, 23, 26, 4, 77, 34, 46, 60, 0, 106, 30, 102, 1, 24, 91, 64, 35, 80, 15, 22, 65, 83, 86, 97, 104, 53, 67, 95, 21, 44, 89, 3, 12, 81, 19, 39, 2, 92, 74, 85, 52, 66, 79, 48, 11, 61, ]
113	8.60717	[67, 55, 74, 80, 21, 98, 11, 54, 83, 62, 56, 30, 70, 65, 110, 91, 47, 32, 59, 69, 7, 12, 109, 19, 10, 35, 28, 100, 36, 85, 29, 68, 60, 82, 5, 17, 43, 96, 13, 18, 3, 84, 16, 76, 45, 71, 108, 39, 111, 94, 23, 2, 66, 42, 51, 106, 9, 112, 87, 103, 53, 46, 38, 95, 89, 25, 75, 90, 6, 24, 97, 27, 15, 61, 52, 73, 79, 34, 26, 99, 104, 0, 88, 105, 102, 37, 107, 64, 22, 20, 49, 86, 58, 63, 48, 78, 33, 101, 40, 93, 81, 31, 92, 44, 72, 41, 14, 1, 4, 8, 50, 57, 77, ]
114	9.3169	[22, 68, 58, 62, 55, 15, 90, 37, 78, 18, 70, 14, 50, 28, 53, 2, 79, 83, 92, 56, 16, 109, 65, 11, 100, 26, 81, 96, 75, 9, 101, 73, 84, 39, 87, 63, 27, 91, 45, 8, 85, 49, 66, 93, 4, 1, 31, 111, 34, 30, 112, 48, 36, 64, 88, 59, 105, 35, 74, 107, 10, 7, 23, 46, 17, 29, 40, 98, 47, 94, 97, 0, 6, 71, 106, 80, 13, 20, 41, 69, 113, 76, 52, 19, 86, 103, 99, 54, 61, 57, 3, 110, 43, 33, 108, 89, 72, 21, 24, 44, 38, 12, 102, 51, 25, 104, 5, 32, 67, 42, 82, 60, 77, 95, ]
115	7.94928	[48, 58, 97, 21, 18, 105, 8, 73, 41, 29, 46, 91, 62, 39, 84, 96, 16, 79, 52, 47, 87, 6, 35, 55, 69, 30, 14, 70, 75, 10, 31, 86, 40, 44, 93, 81, 100, 34, 4, 114, 108, 104, 59, 92, 113, 64, 106, 43, 20, 72, 101, 88, 2, 51, 38, 76, 78, 5, 57, 24, 27, 15, 33, 12, 22, 0, 25, 71, 109, 111, 56, 13, 102, 85, 80, 37, 53, 11, 1, 103, 95, 90, 65, 110, 66, 61, 3, 74, 77, 17, 28, 94, 49, 83, 26, 42, 112, 89, 7, 68, 107, 23, 82, 63, 9, 99, 36, 98, 32, 60, 54, 19, 67, 50, 45, ]
116	12.0975	[95, 49, 45, 105, 82, 61, 14, 5, 75, 47, 69, 73, 94, 44, 54, 72, 36, 71, 17, 40, 101, 108, 96, 112, 48, 115, 19, 7, 77, 64, 1, 46, 28, 18, 99, 74, 58, 62, 109, 50, 23, 57, 59, 24, 114, 91, 65, 76, 66, 4, 87, 103, 97, 37, 0, 21, 56, 98, 84, 41, 11, 9, 30, 113, 38, 107, 3, 79, 29, 12, 80, 104, 2, 31, 33, 42, 20, 100, 110, 85, 83, 90, 52, 111, 26, 6, 27, 43, 93, 68, 55, 88, 67, 106, 32, 89, 35, 92, 70, 86, 15, 102, 22, 13, 39, 81, 63, 34, 53, 10, 60, 16, 8, 25, 78, 51, ]
117	11.1453	[31, 82, 24, 56, 20, 74, 3, 28, 64, 39, 58, 84, 114, 52, 46, 87, 62, 2, 102, 26, 94, 15, 22, 43, 38, 61, 106, 91, 79, 63, 70, 42, 99, 21, 93, 54, 113, 0, 75, 65, 100, 116, 16, 86, 13, 51, 18, 97, 23, 115, 37, 1, 32, 66, 111, 19, 45, 34, 11, 76, 107, 110, 77, 98, 48, 5, 90, 14, 12, 68, 88, 4, 27, 9, 72, 104, 35, 47, 10, 112, 108, 85, 78, 7, 57, 30, 96, 49, 71, 41, 55, 103, 29, 60, 80, 8, 89, 36, 101, 6, 92, 50, 53, 81, 109, 73, 17, 83, 69, 25, 44, 59, 40, 67, 33, 105, 95, ]
118	10.3889	[85, 53, 65, 91, 104, 25, 50, 61, 26, 40, 27, 82, 9, 48, 74, 77, 102, 33, 42, 21, 43, 113, 14, 56, 89, 100, 63, 76, 112, 95, 45, 108, 3, 103, 24, 67, 117, 18, 10, 60, 70, 97, 38, 98, 52, 71, 51, 83, 116, 99, 23, 36, 29, 13, 88, 54, 115, 12, 109, 0, 4, 114, 69, 32, 110, 39, 57, 31, 79, 81, 111, 1, 6, 92, 72, 11, 8, 86, 28, 49, 41, 2, 96, 87, 106, 5, 34, 93, 101, 84, 37, 66, 68, 19, 62, 73, 15, 20, 78, 55, 35, 58, 64, 46, 105, 47, 94, 44, 90, 17, 59, 22, 7, 30, 107, 80, 16, 75, ]
119	10.1829	[9, 75, 80, 25, 56, 15, 112, 78, 29, 16, 92, 104, 97, 40, 67, 49, 100, 22, 74, 14, 87, 116, 90, 64, 23, 45, 62, 5, 44, 84, 76, 95, 47, 13, 59, 86, 94, 99, 57, 71, 83, 3, 115, 7, 33, 0, 93, 107, 66, 2, 41, 32, 28, 37, 11, 42, 96, 51, 26, 30, 98, 12, 34, 4, 60, 114, 111, 52, 101, 36, 70, 82, 31, 1, 53, 103, 69, 89, 55, 85, 54, 17, 43, 109, 10, 77, 61, 110, 102, 118, 48, 81, 39, 27, 38, 6, 79, 63, 106, 18, 73, 50, 20, 8, 117, 91, 88, 105, 68, 72, 19, 108, 113, 35, 21, 46, 58, 65, 24, ]
120	11.1476	[9, 69, 5, 80, 99, 44, 65, 51, 111, 102, 18, 54, 43, 92, 94, 27, 53, 34, 45, 6, 118, 107, 40, 33, 21, 75, 17, 25, 93, 112, 1, 23, 8, 59, 7, 95, 11, 86, 63, 103, 82, 47, 56, 114, 72, 39, 13, 100, 89, 104, 30, 35, 37, 41, 101, 62, 110, 79, 74, 48, 0, 106, 64, 96, 29, 84, 19, 115, 83, 46, 116, 3, 76, 22, 38, 98, 57, 10, 24, 113, 70, 77, 36, 14, 26, 109, 4, 88, 117, 15, 50, 73, 78, 52, 2, 108, 91, 32, 67, 119, 61, 71, 12, 81, 97, 105, 28, 20, 87, 16, 68, 58, 42, 49, 66, 31, 55, 60, 90, 85, ]
121	8.67723	[110, 19, 76, 72, 99, 41, 60, 3, 49, 35, 74, 43, 27, 24, 107, 53, 58, 106, 40, 70, 39, 108, 21, 91, 80, 73, 87, 98, 42, 0, 85, 59, 120, 113, 38, 30, 17, 5, 90, 32, 117, 71, 118, 100, 65, 89, 16, 20, 31, 83, 52, 94, 36, 111, 81, 45, 7, 96, 103, 92, 9, 61, 79, 68, 114, 8, 33, 102, 115, 25, 50, 77, 34, 13, 11, 104, 48, 18, 69, 57, 12, 93, 1, 10, 66, 116, 63, 29, 82, 28, 97, 6, 4, 51, 44, 23, 62, 14, 95, 56, 26, 75, 54, 37, 112, 84, 2, 105, 109, 119, 55, 86, 47, 67, 101, 22, 46, 78, 15, 88, 64, ]
122	12.7959	[100, 73, 64, 68, 15, 96, 109, 65, 9, 58, 10, 87, 92, 79, 44, 84, 57, 74, 47, 114, 36, 59, 21, 67, 110, 62, 3, 98, 60, 107, 53, 2, 25, 8, 88, 77, 49, 13, 106, 70, 103, 76, 4, 26, 111, 95, 32, 83, 28, 40, 46, 94, 69, 22, 48, 119, 117, 5, 113, 27, 50, 71, 6, 97, 31, 85, 80, 39, 116, 121, 0, 52, 33, 30, 23, 72, 18, 42, 29, 14, 38, 1, 55, 86, 108, 93, 75, 115, 54, 63, 105, 37, 90, 118, 17, 102, 35, 19, 51, 81, 41, 12, 66, 24, 89, 34, 61, 112, 78, 56, 43, 45, 91, 16, 101, 11, 120, 7, 20, 82, 104, 99, ]
123	11.2089	[43, 111, 1, 12, 35, 68, 101, 37, 48, 82, 66, 29, 10, 54, 103, 16, 55, 81, 92, 78, 9, 93, 50, 28, 61, 39, 6, 102, 51, 87, 64, 34, 74, 88, 99, 112, 52, 18, 23, 85, 118, 45, 57, 53, 91, 106, 67, 5, 75, 62, 27, 119, 121, 49, 83, 108, 31, 24, 0, 11, 3, 44, 116, 98, 76, 30, 60, 115, 7, 105, 14, 120, 122, 95, 58, 8, 73, 15, 84, 104, 70, 22, 89, 47, 20, 56, 33, 41, 114, 109, 107, 110, 42, 117, 21, 71, 26, 79, 59, 2, 86, 19, 97, 72, 4, 13, 94, 36, 17, 96, 80, 113, 65, 32, 25, 77, 90, 63, 38, 40, 69, 46, 100, ]
124	11.4735	[116, 45, 85, 33, 118, 69, 48, 87, 97, 54, 57, 96, 61, 89, 107, 122, 41, 10, 88, 101, 3, 44, 109, 91, 56, 39, 52, 68, 6, 20, 30, 21, 38, 43, 92, 51, 72, 34, 58, 99, 113, 17, 105, 2, 11, 83, 1, 71, 123, 7, 117, 46, 111, 19, 5, 86, 84, 26, 112, 66, 63, 98, 102, 106, 121, 115, 15, 94, 77, 42, 9, 73, 40, 4, 120, 0, 81, 23, 14, 53, 62, 67, 70, 79, 31, 114, 27, 59, 103, 12, 8, 28, 110, 37, 16, 29, 104, 95, 90, 18, 119, 82, 64, 32, 47, 55, 100, 49, 93, 25, 74, 22, 60, 65, 35, 75, 13, 78, 50, 24, 76, 108, 36, 80, ]
125	14.0497	[10, 115, 36, 49, 120, 18, 64, 107, 53, 65, 30, 78, 71, 43, 3, 38, 91, 22, 123, 89, 68, 102, 50, 87, 93, 29, 70, 59, 81, 122, 92, 103, 121, 25, 114, 8, 62, 9, 35, 117, 2, 95, 85, 41, 118, 56, 46, 4, 28, 20, 40, 54, 90, 13, 111, 94, 37, 109, 1, 5, 11, 79, 77, 84, 55, 14, 106, 44, 63, 105, 33, 112, 57, 12, 116, 7, 21, 104, 86, 110, 0, 80, 76, 69, 51, 15, 47, 31, 66, 39, 119, 124, 34, 100, 113, 42, 6, 72, 52, 26, 101, 19, 61, 96, 73, 16, 82, 23, 60, 67, 74, 99, 45, 32, 97, 17, 98, 83, 88, 27, 24, 58, 75, 48, 108, ]
126	12.8419	[41, 15, 70, 39, 48, 91, 26, 86, 54, 85, 90, 17, 93, 46, 76, 62, 111, 47, 35, 102, 59, 9, 82, 68, 10, 51, 77, 16, 87, 4, 53, 105, 66, 110, 112, 104, 124, 3, 20, 71, 31, 116, 32, 27, 84, 42, 19, 69, 64, 14, 108, 115, 23, 125, 7, 122, 57, 21, 50, 29, 8, 24, 22, 106, 2, 100, 79, 63, 80, 56, 72, 99, 121, 58, 101, 117, 6, 34, 78, 83, 61, 33, 25, 18, 103, 88, 37, 65, 67, 44, 36, 11, 123, 114, 5, 45, 1, 107, 113, 92, 118, 96, 49, 97, 109, 13, 73, 52, 12, 81, 28, 119, 89, 120, 75, 95, 38, 30, 94, 55, 43, 40, 0, 60, 98, 74, ]
127	14.0281	[77, 82, 107, 13, 53, 80, 61, 68, 34, 37, 29, 25, 122, 117, 21, 75, 48, 104, 89, 3, 33, 10, 95, 112, 2, 116, 111, 124, 76, 87, 126, 35, 57, 8, 74, 97, 18, 31, 84, 20, 51, 32, 28, 86, 59, 98, 79, 49, 71, 100, 81, 108, 22, 121, 106, 50, 72, 19, 92, 52, 78, 96, 58, 24, 15, 115, 110, 39, 26, 17, 23, 27, 46, 41, 66, 102, 5, 101, 6, 9, 88, 118, 123, 56, 11, 90, 38, 109, 73, 125, 12, 62, 93, 70, 103, 4, 1, 30, 14, 63, 83, 99, 42, 7, 69, 47, 85, 64, 40, 55, 44, 91, 67, 119, 114, 105, 113, 16, 54, 36, 45, 120, 60, 43, 65, 94, 0, ]
128	13.6944	[32, 28, 57, 0, 90, 94, 118, 26, 102, 46, 92, 9, 105, 64, 60, 65, 21, 101, 47, 104, 23, 121, 42, 62, 59, 48, 88, 39, 127, 13, 78, 17, 79, 108, 5, 61, 54, 7, 31, 15, 103, 107, 37, 96, 2, 75, 124, 10, 106, 38, 86, 84, 43, 63, 55, 125, 56, 3, 119, 67, 100, 115, 16, 74, 85, 6, 122, 14, 111, 1, 58, 35, 25, 18, 87, 116, 24, 52, 44, 83, 70, 112, 50, 68, 19, 113, 66, 109, 45, 41, 8, 22, 117, 72, 77, 73, 11, 93, 97, 123, 82, 110, 76, 120, 53, 29, 34, 20, 95, 36, 49, 27, 71, 12, 33, 51, 30, 89, 69, 81, 126, 98, 114, 40, 91, 80, 99, 4, ]
129	16.0247	[12, 93, 41, 61, 115, 56, 51, 24, 57, 31, 97, 123, 18, 22, 100, 81, 76, 25, 49, 96, 113, 4, 106, 65, 80, 46, 114, 79, 35, 58, 28, 5, 121, 87, 77, 16, 72, 53, 75, 117, 84, 7, 3, 89, 94, 112, 118, 95, 32, 20, 124, 42, 128, 108, 122, 45, 19, 44, 54, 39, 83, 9, 109, 74, 102, 62, 36, 11, 125, 10, 59, 6, 67, 48, 23, 90, 15, 105, 8, 37, 110, 60, 0, 116, 78, 38, 13, 43, 17, 92, 55, 63, 119, 33, 120, 40, 101, 99, 111, 85, 73, 21, 127, 14, 71, 26, 126, 29, 1, 86, 98, 104, 88, 64, 30, 107, 47, 50, 103, 69, 66, 68, 82, 2, 27, 34, 52, 91, 70, ]
130	15.2153	[93, 41, 50, 15, 92, 95, 83, 28, 87, 75, 70, 60, 20, 48, 56, 25, 22, 3, 55, 115, 17, 45, 113, 18, 58, 128, 52, 80, 53, 81, 69, 86, 105, 42, 38, 96, 103, 84, 82, 125, 112, 23, 126, 124, 122, 78, 37, 64, 117, 2, 100, 67, 63, 123, 73, 101, 34, 19, 120, 26, 119, 90, 7, 24, 10, 49, 46, 118, 106, 89, 39, 116, 108, 71, 62, 11, 79, 77, 68, 111, 12, 57, 104, 30, 127, 40, 44, 72, 61, 9, 14, 31, 27, 35, 99, 110, 85, 51, 8, 43, 1, 97, 0, 5, 91, 65, 54, 66, 107, 32, 6, 36, 21, 13, 29, 94, 47, 74, 59, 121, 4, 102, 114, 98, 16, 88, 109, 76, 129, 33, ]
131	15.5513	[61, 56, 108, 27, 40, 102, 114, 77, 37, 47, 60, 116, 113, 29, 87, 50, 76, 85, 19, 63, 18, 54, 41, 16, 80, 15, 7, 96, 59, 51, 44, 126, 58, 48, 83, 78, 103, 4, 10, 111, 79, 30, 55, 100, 6, 28, 9, 31, 124, 13, 95, 130, 99, 112, 32, 97, 86, 110, 120, 1, 39, 72, 2, 68, 118, 105, 17, 0, 91, 43, 74, 5, 52, 121, 94, 14, 45, 23, 75, 125, 82, 34, 11, 71, 21, 117, 36, 69, 129, 98, 84, 35, 119, 25, 46, 53, 20, 93, 123, 64, 3, 8, 12, 73, 42, 33, 49, 66, 22, 26, 109, 38, 89, 62, 70, 81, 107, 88, 65, 122, 128, 106, 57, 24, 92, 101, 67, 127, 115, 104, 90, ]
132	14.8913	[38, 45, 63, 98, 72, 113, 49, 79, 67, 9, 52, 33, 3, 93, 17, 118, 110, 82, 50, 124, 97, 57, 55, 16, 106, 2, 25, 39, 54, 120, 64, 116, 77, 99, 24, 125, 84, 20, 47, 56, 89, 62, 128, 48, 94, 11, 65, 5, 119, 109, 10, 8, 58, 1, 19, 73, 95, 51, 29, 126, 14, 23, 31, 91, 80, 112, 86, 74, 130, 115, 111, 68, 59, 103, 127, 27, 46, 30, 88, 34, 18, 105, 22, 108, 121, 15, 4, 101, 69, 104, 26, 6, 42, 66, 43, 41, 75, 81, 70, 122, 129, 13, 87, 37, 131, 0, 114, 102, 96, 44, 90, 53, 36, 12, 100, 117, 92, 78, 107, 60, 7, 40, 28, 32, 21, 123, 85, 83, 71, 61, 35, 76, ]
133	13.1601	[92, 11, 116, 44, 125, 102, 111, 67, 7, 2, 26, 62, 83, 90, 12, 81, 127, 118, 82, 30, 52, 27, 89, 18, 113, 120, 49, 23, 65, 69, 5, 105, 8, 88, 20, 129, 121, 75, 101, 3, 73, 100, 39, 37, 106, 19, 6, 78, 29, 85, 13, 96, 53, 25, 36, 34, 114, 28, 72, 1, 108, 91, 21, 63, 42, 122, 0, 87, 48, 17, 57, 33, 94, 115, 117, 99, 64, 126, 130, 45, 95, 109, 128, 32, 15, 24, 112, 4, 77, 80, 119, 68, 10, 38, 103, 98, 104, 22, 123, 56, 84, 31, 60, 110, 74, 132, 47, 51, 43, 14, 46, 66, 124, 59, 97, 58, 70, 16, 131, 86, 41, 61, 107, 76, 71, 35, 55, 40, 79, 9, 50, 54, 93, ]
134	18.9394	[47, 31, 133, 80, 42, 93, 20, 7, 9, 98, 68, 45, 52, 116, 126, 24, 125, 56, 105, 32, 77, 73, 59, 12, 30, 36, 41, 11, 87, 79, 33, 106, 18, 99, 115, 76, 64, 81, 61, 109, 124, 72, 121, 17, 100, 131, 44, 96, 58, 129, 104, 114, 23, 38, 8, 21, 89, 110, 51, 63, 6, 128, 54, 75, 28, 85, 102, 22, 130, 1, 60, 95, 120, 4, 10, 118, 103, 16, 27, 101, 122, 113, 39, 91, 49, 46, 34, 66, 70, 14, 57, 43, 94, 26, 123, 112, 92, 15, 86, 3, 69, 119, 83, 97, 55, 19, 65, 132, 48, 5, 0, 35, 111, 13, 25, 2, 74, 40, 37, 53, 127, 62, 29, 50, 71, 88, 117, 107, 90, 67, 108, 84, 82, 78, ]
135	16.9344	[74, 76, 99, 56, 14, 61, 52, 114, 15, 36, 79, 94, 57, 54, 68, 82, 108, 66, 86, 69, 75, 33, 58, 38, 118, 124, 17, 45, 9, 101, 132, 71, 111, 104, 37, 73, 50, 7, 127, 87, 131, 125, 13, 121, 12, 5, 0, 81, 105, 80, 85, 88, 40, 116, 130, 2, 103, 115, 110, 20, 133, 53, 90, 28, 48, 67, 43, 29, 32, 21, 113, 46, 1, 47, 93, 24, 102, 83, 3, 96, 65, 123, 107, 63, 106, 109, 30, 6, 70, 22, 25, 89, 49, 122, 126, 84, 35, 98, 119, 41, 18, 95, 4, 10, 44, 42, 117, 31, 19, 64, 60, 39, 120, 92, 8, 91, 72, 16, 26, 62, 78, 34, 100, 11, 97, 112, 77, 59, 23, 128, 27, 51, 55, 129, 134, ]
136	14.6387	[54, 32, 55, 76, 123, 105, 130, 74, 124, 69, 125, 49, 104, 28, 107, 116, 64, 79, 68, 7, 9, 50, 87, 17, 94, 113, 18, 26, 96, 41, 121, 103, 53, 44, 38, 60, 13, 1, 66, 25, 57, 78, 108, 24, 126, 85, 80, 52, 135, 100, 70, 12, 128, 134, 51, 37, 3, 131, 4, 98, 129, 45, 92, 112, 99, 91, 23, 35, 71, 42, 77, 90, 95, 0, 120, 65, 8, 36, 20, 46, 75, 6, 114, 101, 10, 5, 86, 56, 40, 33, 11, 127, 22, 30, 59, 82, 109, 119, 31, 16, 48, 102, 15, 61, 106, 2, 133, 62, 84, 118, 89, 117, 97, 73, 110, 27, 132, 115, 67, 43, 39, 83, 93, 29, 58, 21, 19, 14, 63, 122, 81, 34, 47, 111, 72, 88, ]
137	17.9237	[86, 31, 69, 60, 93, 70, 96, 89, 20, 92, 109, 79, 17, 49, 16, 100, 91, 67, 21, 116, 97, 83, 47, 37, 42, 32, 10, 87, 51, 23, 131, 123, 41, 133, 14, 99, 36, 115, 62, 111, 25, 121, 4, 12, 64, 104, 95, 46, 19, 107, 48, 127, 18, 119, 35, 110, 0, 118, 68, 128, 82, 24, 2, 94, 112, 40, 63, 54, 72, 98, 103, 9, 58, 129, 125, 34, 7, 124, 105, 57, 88, 1, 134, 28, 80, 52, 126, 102, 132, 39, 55, 117, 130, 135, 5, 65, 113, 85, 33, 59, 3, 15, 44, 71, 136, 38, 78, 11, 45, 30, 22, 13, 8, 106, 90, 76, 43, 27, 108, 6, 66, 122, 114, 75, 81, 26, 74, 53, 101, 120, 73, 61, 56, 84, 29, 50, 77, ]
138	17.5458	[132, 130, 47, 1, 109, 63, 100, 15, 62, 94, 78, 101, 72, 43, 51, 80, 86, 64, 110, 82, 102, 5, 71, 87, 68, 121, 57, 37, 3, 50, 106, 108, 11, 20, 38, 107, 136, 32, 77, 21, 137, 59, 45, 24, 127, 2, 58, 69, 119, 111, 85, 25, 75, 46, 31, 83, 129, 54, 124, 12, 30, 93, 79, 70, 60, 115, 42, 6, 10, 36, 126, 122, 118, 116, 40, 34, 133, 88, 92, 113, 18, 123, 120, 8, 56, 9, 112, 128, 29, 0, 76, 104, 53, 14, 103, 135, 90, 28, 89, 48, 44, 61, 16, 81, 52, 73, 13, 134, 91, 97, 65, 131, 49, 105, 99, 66, 39, 26, 117, 7, 125, 55, 95, 41, 114, 33, 4, 23, 84, 19, 27, 74, 96, 35, 67, 17, 98, 22, ]
139	16.2039	[15, 63, 46, 10, 128, 71, 90, 64, 2, 28, 83, 88, 68, 130, 42, 79, 54, 119, 23, 107, 85, 25, 136, 124, 67, 92, 52, 12, 39, 32, 116, 29, 19, 104, 55, 115, 135, 16, 5, 113, 57, 133, 48, 44, 40, 106, 73, 84, 120, 81, 60, 14, 127, 21, 0, 105, 78, 38, 30, 118, 62, 22, 122, 18, 56, 98, 121, 41, 114, 3, 100, 8, 97, 31, 27, 138, 66, 129, 49, 65, 109, 74, 34, 95, 137, 7, 37, 20, 24, 134, 35, 9, 126, 82, 117, 33, 76, 51, 4, 94, 11, 101, 59, 102, 112, 89, 50, 123, 96, 87, 80, 131, 103, 1, 26, 77, 75, 93, 132, 45, 47, 86, 61, 6, 17, 72, 69, 110, 125, 70, 58, 91, 53, 99, 111, 108, 13, 36, 43, ]
140	16.8777	[66, 60, 36, 115, 124, 12, 69, 67, 49, 2, 34, 87, 105, 57, 10, 77, 43, 64, 103, 3, 42, 88, 50, 138, 111, 104, 38, 58, 13, 20, 100, 9, 70, 0, 118, 21, 11, 18, 132, 71, 44, 39, 72, 45, 32, 119, 114, 89, 85, 137, 4, 96, 106, 62, 102, 135, 139, 108, 113, 123, 40, 25, 28, 121, 59, 94, 83, 81, 29, 14, 122, 127, 97, 26, 17, 125, 35, 95, 79, 99, 54, 73, 101, 33, 133, 120, 55, 76, 1, 19, 6, 31, 75, 53, 91, 24, 48, 15, 98, 8, 27, 117, 51, 90, 112, 126, 37, 130, 80, 30, 16, 116, 82, 7, 93, 61, 52, 107, 128, 47, 22, 41, 23, 129, 56, 136, 5, 46, 63, 86, 92, 134, 131, 110, 78, 68, 74, 84, 109, 65, ]
141	14.8224	[45, 21, 91, 67, 65, 84, 22, 85, 33, 127, 81, 70, 96, 62, 89, 43, 27, 73, 103, 111, 102, 98, 56, 53, 59, 138, 88, 120, 31, 119, 16, 136, 133, 80, 60, 121, 87, 26, 101, 68, 86, 15, 99, 42, 4, 115, 5, 57, 9, 39, 94, 35, 139, 134, 7, 82, 130, 58, 131, 14, 75, 92, 122, 106, 129, 6, 32, 10, 137, 37, 118, 126, 124, 1, 25, 12, 51, 77, 18, 72, 52, 50, 64, 19, 17, 117, 24, 140, 46, 8, 123, 109, 132, 90, 135, 116, 110, 76, 30, 79, 104, 49, 108, 95, 29, 47, 11, 54, 71, 2, 93, 61, 83, 69, 63, 113, 107, 41, 0, 97, 20, 34, 44, 125, 112, 13, 3, 114, 48, 105, 100, 40, 38, 128, 28, 66, 23, 55, 36, 78, 74, ]
142	14.7271	[131, 105, 120, 46, 48, 85, 22, 30, 47, 91, 81, 77, 50, 74, 64, 71, 42, 124, 35, 3, 95, 53, 132, 113, 57, 117, 51, 128, 11, 5, 87, 126, 73, 116, 93, 99, 83, 23, 138, 111, 86, 134, 90, 119, 72, 107, 8, 29, 55, 40, 9, 19, 130, 20, 139, 129, 16, 106, 67, 54, 125, 31, 62, 17, 84, 37, 121, 136, 122, 32, 27, 14, 94, 39, 24, 133, 75, 33, 65, 0, 49, 123, 76, 25, 12, 43, 100, 7, 80, 92, 45, 18, 82, 68, 10, 26, 15, 112, 1, 103, 118, 78, 114, 108, 52, 41, 104, 13, 135, 98, 88, 60, 141, 115, 110, 79, 61, 127, 70, 140, 101, 2, 56, 102, 36, 34, 97, 38, 63, 109, 69, 137, 21, 4, 58, 96, 28, 59, 89, 44, 66, 6, ]
143	24.461	[90, 102, 110, 88, 97, 57, 47, 138, 48, 0, 89, 126, 70, 39, 105, 9, 55, 72, 69, 124, 109, 23, 41, 129, 10, 81, 5, 1, 15, 46, 43, 140, 62, 120, 108, 45, 61, 30, 73, 59, 67, 29, 58, 141, 24, 12, 130, 19, 107, 117, 64, 74, 122, 71, 103, 135, 92, 132, 20, 91, 98, 22, 60, 106, 128, 11, 26, 134, 17, 35, 65, 25, 14, 136, 80, 123, 68, 28, 82, 37, 76, 84, 115, 51, 4, 33, 42, 44, 112, 21, 137, 2, 31, 75, 125, 78, 133, 139, 79, 104, 111, 77, 114, 118, 113, 94, 34, 52, 85, 18, 36, 119, 50, 38, 6, 93, 86, 13, 87, 7, 27, 142, 53, 63, 131, 16, 116, 127, 8, 66, 101, 32, 96, 54, 49, 100, 3, 121, 56, 83, 99, 40, 95, ]
144	24.1839	[60, 109, 71, 120, 82, 79, 102, 56, 70, 48, 117, 90, 53, 36, 81, 105, 11, 26, 133, 7, 130, 113, 110, 12, 124, 139, 85, 78, 49, 35, 72, 97, 57, 65, 106, 83, 14, 37, 0, 5, 47, 118, 58, 10, 108, 80, 107, 29, 31, 95, 131, 119, 23, 50, 15, 30, 87, 122, 115, 9, 6, 132, 114, 33, 3, 68, 22, 89, 67, 43, 13, 129, 116, 63, 137, 34, 4, 40, 88, 96, 134, 1, 59, 21, 38, 69, 8, 143, 141, 101, 24, 121, 86, 62, 27, 99, 19, 77, 91, 125, 128, 103, 138, 39, 142, 52, 93, 112, 84, 17, 123, 76, 136, 92, 51, 111, 127, 20, 28, 61, 41, 18, 46, 104, 25, 140, 32, 42, 54, 74, 55, 16, 45, 73, 135, 126, 66, 64, 98, 44, 75, 94, 100, 2, ]
145	27.0393	[7, 101, 56, 54, 117, 98, 47, 83, 19, 139, 65, 2, 31, 25, 4, 53, 44, 23, 88, 59, 87, 108, 123, 132, 68, 62, 60, 90, 99, 95, 133, 10, 126, 66, 35, 137, 28, 94, 102, 100, 96, 113, 51, 48, 26, 125, 21, 135, 14, 118, 103, 69, 136, 80, 30, 17, 105, 93, 18, 57, 70, 91, 144, 78, 16, 1, 22, 84, 27, 129, 73, 119, 131, 89, 38, 33, 138, 116, 20, 34, 43, 61, 12, 130, 107, 71, 111, 13, 8, 76, 122, 85, 40, 115, 72, 109, 142, 67, 36, 141, 74, 9, 42, 124, 45, 134, 3, 127, 11, 37, 5, 24, 114, 86, 82, 32, 112, 106, 55, 6, 64, 121, 0, 15, 81, 120, 110, 92, 79, 50, 29, 63, 77, 104, 49, 128, 75, 41, 39, 143, 52, 46, 58, 140, 97, ]
146	22.3555	[97, 77, 124, 113, 39, 59, 43, 84, 125, 94, 50, 64, 70, 63, 32, 116, 95, 4, 41, 61, 28, 68, 131, 51, 140, 98, 115, 15, 42, 1, 128, 76, 3, 101, 96, 2, 85, 21, 47, 17, 127, 143, 126, 82, 49, 91, 141, 67, 79, 108, 93, 122, 88, 145, 33, 37, 119, 72, 90, 22, 135, 38, 62, 120, 20, 109, 136, 53, 27, 14, 144, 0, 5, 137, 26, 40, 52, 9, 71, 134, 55, 25, 78, 117, 18, 111, 142, 35, 83, 12, 80, 89, 16, 104, 44, 56, 121, 13, 6, 57, 19, 100, 114, 86, 58, 107, 11, 54, 10, 30, 139, 31, 69, 102, 45, 118, 34, 138, 112, 123, 24, 48, 132, 129, 75, 60, 29, 36, 65, 110, 7, 73, 133, 46, 74, 103, 105, 99, 8, 130, 106, 66, 23, 92, 87, 81, ]
147	27.8679	[17, 91, 61, 11, 120, 106, 59, 30, 44, 81, 98, 53, 82, 78, 103, 128, 0, 116, 129, 143, 87, 83, 50, 72, 3, 77, 23, 1, 86, 135, 144, 92, 26, 93, 22, 99, 62, 51, 112, 137, 27, 40, 4, 43, 100, 58, 66, 102, 73, 29, 35, 136, 138, 31, 64, 126, 63, 13, 67, 97, 110, 127, 20, 14, 139, 48, 21, 118, 107, 84, 76, 2, 141, 146, 46, 5, 130, 95, 121, 80, 125, 16, 114, 69, 12, 122, 52, 6, 49, 33, 42, 132, 37, 115, 54, 32, 101, 70, 133, 145, 140, 94, 123, 74, 108, 124, 109, 134, 119, 7, 18, 34, 71, 38, 96, 79, 15, 65, 24, 131, 10, 90, 36, 57, 113, 117, 9, 39, 45, 55, 105, 8, 89, 28, 104, 19, 56, 41, 25, 75, 142, 68, 47, 85, 60, 88, 111, ]
148	25.3868	[99, 135, 17, 51, 108, 10, 69, 66, 24, 124, 6, 54, 131, 109, 50, 70, 34, 87, 116, 33, 76, 40, 123, 75, 107, 12, 95, 61, 102, 71, 84, 14, 25, 36, 119, 4, 58, 117, 106, 74, 100, 146, 48, 120, 144, 73, 121, 42, 143, 35, 22, 104, 128, 30, 32, 55, 53, 81, 21, 92, 90, 147, 5, 72, 68, 127, 11, 111, 126, 18, 96, 3, 19, 137, 97, 67, 142, 38, 103, 46, 31, 132, 114, 41, 39, 44, 93, 136, 145, 27, 80, 82, 129, 138, 141, 2, 7, 79, 29, 63, 60, 139, 112, 83, 16, 134, 62, 86, 0, 49, 91, 37, 113, 130, 98, 85, 1, 115, 57, 20, 140, 43, 133, 125, 118, 78, 59, 47, 101, 77, 65, 88, 94, 8, 13, 89, 110, 9, 52, 45, 105, 15, 23, 26, 28, 64, 56, 122, ]
149	20.7946	[4, 112, 119, 56, 52, 20, 140, 30, 59, 65, 73, 118, 15, 11, 64, 133, 57, 28, 44, 0, 75, 12, 10, 99, 68, 50, 8, 49, 144, 72, 103, 132, 78, 70, 104, 134, 66, 71, 120, 81, 131, 98, 100, 137, 37, 34, 24, 43, 148, 110, 35, 83, 80, 53, 139, 76, 33, 146, 107, 32, 40, 121, 93, 138, 29, 21, 128, 42, 19, 3, 106, 143, 85, 113, 142, 87, 130, 74, 96, 1, 109, 126, 117, 47, 91, 123, 145, 31, 102, 27, 129, 101, 6, 22, 5, 2, 115, 14, 55, 61, 105, 36, 86, 136, 63, 38, 67, 90, 114, 125, 51, 17, 7, 89, 54, 135, 82, 9, 108, 127, 147, 23, 48, 124, 94, 62, 26, 13, 95, 25, 122, 46, 77, 45, 16, 60, 79, 116, 41, 88, 111, 69, 58, 97, 92, 84, 39, 141, 18, ]
150	29.4814	[31, 141, 51, 119, 38, 63, 128, 73, 108, 132, 101, 46, 83, 45, 121, 116, 136, 47, 88, 79, 14, 65, 55, 110, 72, 30, 131, 94, 41, 124, 6, 58, 134, 16, 4, 36, 133, 76, 54, 149, 44, 120, 105, 102, 2, 81, 130, 28, 56, 143, 22, 43, 48, 8, 147, 69, 93, 80, 123, 139, 145, 18, 12, 117, 29, 142, 35, 15, 97, 60, 11, 96, 25, 90, 17, 57, 86, 74, 27, 64, 34, 137, 129, 125, 135, 32, 26, 99, 68, 49, 112, 148, 107, 91, 5, 115, 19, 75, 144, 98, 138, 146, 1, 106, 113, 13, 62, 126, 82, 104, 0, 37, 118, 42, 100, 10, 78, 3, 53, 140, 24, 85, 109, 23, 103, 50, 70, 95, 61, 7, 114, 92, 122, 21, 39, 52, 67, 33, 40, 127, 20, 59, 84, 89, 71, 111, 66, 77, 87, 9, ]
151	24.7621	[90, 17, 98, 39, 101, 109, 35, 51, 43, 111, 81, 147, 76, 46, 23, 69, 28, 95, 48, 26, 47, 105, 56, 20, 38, 49, 126, 29, 85, 118, 89, 117, 0, 112, 42, 128, 36, 149, 104, 97, 92, 88, 130, 103, 150, 119, 115, 108, 63, 136, 31, 45, 143, 4, 11, 68, 106, 127, 24, 14, 91, 144, 82, 58, 70, 52, 65, 107, 50, 53, 133, 122, 32, 138, 12, 79, 18, 139, 99, 27, 148, 8, 125, 129, 15, 113, 134, 22, 78, 19, 93, 2, 61, 132, 74, 44, 137, 116, 140, 66, 3, 86, 94, 25, 141, 110, 83, 72, 146, 1, 142, 5, 57, 135, 77, 34, 9, 7, 62, 21, 145, 54, 120, 55, 13, 84, 114, 123, 80, 41, 30, 71, 102, 67, 96, 6, 37, 60, 33, 100, 16, 40, 59, 121, 73, 131, 64, 10, 124, 75, 87, ]
152	21.5389	[44, 119, 29, 67, 151, 9, 109, 95, 123, 50, 13, 131, 57, 98, 68, 70, 92, 83, 71, 59, 56, 47, 79, 140, 34, 112, 100, 116, 139, 66, 3, 19, 41, 94, 2, 130, 15, 35, 146, 97, 25, 53, 81, 85, 63, 38, 111, 5, 145, 60, 42, 129, 27, 133, 6, 148, 103, 65, 80, 22, 26, 138, 86, 33, 137, 48, 141, 99, 101, 150, 104, 17, 32, 20, 136, 72, 126, 149, 39, 127, 18, 77, 89, 121, 21, 144, 11, 102, 82, 46, 142, 23, 120, 124, 74, 118, 147, 52, 84, 4, 114, 51, 132, 87, 49, 24, 105, 88, 16, 10, 135, 40, 0, 62, 143, 110, 134, 107, 58, 78, 122, 12, 76, 7, 37, 14, 36, 128, 45, 93, 64, 1, 106, 55, 75, 61, 28, 90, 115, 108, 96, 31, 8, 125, 43, 117, 113, 30, 91, 69, 73, 54, ]
153	32.1539	[48, 66, 93, 28, 71, 15, 59, 115, 110, 51, 142, 47, 67, 73, 0, 90, 78, 49, 72, 23, 108, 121, 18, 45, 29, 52, 138, 119, 109, 116, 148, 68, 122, 96, 98, 92, 139, 25, 7, 46, 137, 112, 36, 88, 60, 125, 145, 44, 131, 87, 64, 69, 31, 62, 85, 150, 3, 12, 82, 152, 40, 100, 123, 103, 16, 37, 5, 146, 136, 4, 63, 84, 102, 147, 27, 33, 105, 26, 6, 38, 132, 42, 81, 89, 35, 144, 20, 134, 129, 117, 77, 135, 56, 17, 140, 130, 94, 79, 75, 8, 143, 151, 97, 10, 54, 83, 80, 55, 127, 32, 91, 13, 9, 21, 57, 53, 41, 106, 133, 120, 74, 61, 34, 126, 107, 1, 43, 95, 22, 14, 114, 101, 76, 104, 124, 65, 24, 128, 149, 58, 11, 141, 99, 118, 86, 111, 19, 2, 39, 70, 30, 113, 50, ]
154	26.9467	[115, 15, 99, 116, 138, 79, 43, 102, 122, 93, 20, 59, 104, 18, 97, 81, 78, 96, 69, 61, 77, 68, 66, 2, 22, 37, 33, 47, 148, 26, 110, 1, 100, 91, 88, 94, 11, 123, 38, 108, 17, 52, 58, 103, 29, 98, 75, 141, 125, 114, 56, 41, 71, 57, 72, 8, 34, 107, 24, 6, 21, 128, 36, 135, 95, 153, 3, 82, 4, 145, 131, 12, 73, 106, 65, 30, 147, 150, 142, 120, 32, 70, 55, 42, 140, 67, 5, 132, 84, 19, 44, 119, 101, 10, 62, 134, 39, 133, 46, 92, 31, 144, 83, 54, 136, 63, 86, 129, 50, 143, 137, 9, 74, 25, 13, 60, 87, 152, 113, 149, 85, 105, 28, 48, 126, 112, 151, 51, 0, 40, 124, 130, 23, 89, 117, 121, 76, 16, 146, 127, 14, 7, 111, 27, 64, 35, 118, 139, 80, 109, 45, 53, 90, 49, ]
155	28.0227	[14, 50, 62, 79, 67, 154, 80, 31, 10, 124, 144, 120, 11, 109, 91, 74, 97, 99, 117, 42, 127, 87, 58, 64, 59, 113, 115, 25, 106, 66, 76, 145, 152, 149, 54, 126, 41, 0, 2, 33, 53, 63, 68, 23, 34, 118, 125, 102, 135, 1, 148, 95, 114, 139, 4, 140, 84, 100, 70, 40, 143, 129, 137, 5, 17, 90, 55, 44, 77, 108, 131, 19, 72, 39, 101, 48, 60, 8, 61, 47, 132, 112, 151, 130, 7, 18, 32, 15, 146, 3, 138, 88, 93, 147, 150, 6, 21, 103, 128, 71, 30, 36, 121, 136, 65, 20, 9, 122, 116, 141, 86, 56, 98, 92, 13, 28, 57, 51, 24, 75, 111, 83, 29, 133, 78, 82, 119, 37, 110, 89, 22, 105, 153, 104, 52, 43, 94, 16, 12, 35, 49, 81, 69, 45, 73, 27, 134, 85, 123, 38, 142, 46, 107, 96, 26, ]
156	33.601	[112, 145, 28, 69, 83, 24, 19, 98, 31, 85, 50, 75, 21, 45, 108, 12, 126, 65, 73, 17, 81, 102, 80, 95, 26, 105, 110, 63, 96, 6, 89, 127, 141, 76, 51, 148, 155, 142, 41, 150, 60, 106, 10, 74, 144, 153, 64, 23, 33, 20, 94, 90, 147, 100, 5, 132, 47, 124, 92, 104, 35, 16, 54, 117, 70, 86, 61, 97, 38, 143, 140, 2, 129, 111, 1, 125, 151, 7, 42, 91, 131, 137, 14, 0, 146, 30, 128, 68, 116, 149, 78, 154, 29, 56, 4, 44, 36, 11, 135, 57, 43, 3, 67, 72, 22, 9, 59, 101, 109, 119, 49, 136, 62, 18, 15, 139, 32, 103, 27, 118, 93, 55, 84, 152, 48, 115, 113, 8, 87, 37, 77, 88, 39, 133, 114, 107, 120, 79, 58, 122, 53, 130, 25, 66, 123, 138, 40, 13, 34, 46, 71, 99, 134, 52, 82, 121, ]
157	32.2272	[25, 118, 102, 21, 63, 61, 112, 57, 83, 114, 117, 106, 98, 133, 130, 3, 74, 14, 51, 28, 43, 31, 126, 91, 113, 101, 72, 82, 55, 42, 13, 8, 92, 32, 65, 122, 71, 79, 129, 33, 52, 19, 145, 11, 95, 141, 86, 131, 40, 147, 29, 100, 26, 94, 127, 46, 64, 128, 45, 120, 22, 36, 76, 89, 134, 137, 68, 146, 6, 154, 23, 34, 153, 12, 54, 81, 96, 111, 9, 115, 70, 15, 148, 39, 5, 90, 0, 150, 7, 41, 155, 17, 140, 104, 35, 125, 143, 136, 38, 151, 144, 1, 139, 30, 97, 20, 48, 4, 66, 152, 67, 93, 47, 80, 78, 75, 132, 121, 142, 105, 123, 49, 87, 119, 56, 24, 77, 88, 99, 2, 149, 138, 108, 58, 37, 156, 53, 109, 84, 124, 44, 27, 18, 116, 110, 69, 62, 60, 107, 85, 16, 59, 10, 103, 135, 73, 50, ]
158	29.9882	[59, 94, 60, 22, 20, 154, 42, 77, 119, 55, 141, 132, 81, 19, 53, 64, 31, 155, 27, 137, 147, 75, 125, 4, 13, 9, 48, 72, 66, 62, 78, 0, 37, 124, 115, 15, 133, 138, 82, 95, 12, 104, 126, 105, 139, 16, 29, 153, 131, 148, 87, 36, 30, 28, 58, 108, 69, 107, 44, 33, 23, 157, 8, 14, 135, 120, 67, 65, 93, 96, 49, 89, 151, 134, 114, 71, 127, 54, 45, 21, 24, 63, 70, 2, 34, 152, 85, 118, 145, 106, 11, 123, 50, 46, 97, 10, 116, 99, 140, 122, 110, 142, 39, 35, 80, 117, 1, 128, 74, 5, 136, 98, 17, 40, 149, 129, 150, 112, 18, 43, 84, 113, 51, 3, 121, 68, 61, 86, 38, 57, 100, 88, 26, 144, 6, 73, 56, 130, 90, 41, 101, 109, 83, 47, 32, 79, 52, 7, 103, 156, 76, 91, 25, 143, 102, 146, 92, 111, ]
159	26.2963	[70, 74, 58, 30, 62, 68, 90, 93, 50, 123, 41, 60, 97, 18, 47, 8, 153, 129, 75, 67, 127, 119, 59, 114, 98, 80, 29, 135, 35, 157, 9, 37, 120, 1, 158, 71, 152, 46, 117, 33, 99, 142, 53, 55, 140, 149, 72, 124, 2, 63, 122, 66, 73, 92, 56, 44, 103, 138, 83, 121, 4, 141, 22, 155, 28, 12, 112, 156, 17, 20, 134, 45, 25, 54, 52, 146, 48, 145, 51, 130, 147, 10, 6, 19, 106, 26, 82, 78, 108, 14, 91, 144, 109, 49, 118, 43, 38, 113, 116, 107, 132, 3, 11, 126, 31, 15, 151, 24, 85, 139, 110, 154, 96, 100, 89, 128, 150, 13, 57, 111, 23, 79, 65, 21, 39, 86, 27, 40, 5, 95, 34, 94, 16, 64, 42, 105, 101, 104, 136, 125, 77, 131, 137, 36, 148, 133, 143, 69, 88, 0, 32, 7, 87, 81, 61, 76, 115, 102, 84, ]
160	32.2555	[67, 95, 142, 61, 47, 116, 159, 154, 92, 38, 43, 86, 21, 81, 14, 70, 46, 140, 145, 35, 23, 138, 49, 124, 2, 36, 30, 66, 110, 88, 42, 44, 25, 143, 91, 83, 119, 97, 135, 31, 58, 24, 77, 84, 109, 137, 63, 22, 4, 74, 10, 132, 3, 48, 76, 40, 149, 103, 79, 9, 94, 89, 113, 150, 120, 71, 146, 107, 16, 41, 144, 148, 157, 104, 72, 11, 55, 131, 65, 50, 0, 123, 8, 156, 133, 117, 17, 28, 111, 136, 134, 57, 34, 100, 93, 147, 45, 121, 15, 7, 153, 85, 96, 19, 106, 64, 1, 51, 27, 114, 6, 126, 80, 20, 37, 13, 112, 32, 115, 52, 12, 141, 158, 29, 125, 82, 152, 54, 102, 98, 59, 33, 151, 78, 62, 108, 73, 69, 56, 39, 5, 155, 130, 101, 53, 122, 127, 99, 87, 139, 18, 75, 105, 129, 68, 90, 60, 118, 128, 26, ]
161	37.2367	[62, 52, 104, 75, 53, 60, 71, 90, 31, 76, 37, 79, 92, 148, 28, 158, 142, 12, 61, 83, 46, 94, 103, 73, 140, 156, 137, 125, 160, 64, 8, 152, 85, 110, 122, 38, 102, 123, 153, 93, 132, 30, 88, 133, 89, 43, 36, 63, 65, 15, 18, 24, 143, 86, 157, 59, 39, 136, 5, 81, 130, 58, 144, 44, 10, 154, 21, 99, 155, 22, 41, 47, 120, 113, 6, 67, 69, 49, 72, 7, 14, 40, 2, 121, 115, 20, 50, 146, 109, 95, 13, 87, 128, 150, 33, 51, 105, 4, 98, 32, 70, 126, 107, 111, 45, 54, 68, 151, 138, 129, 97, 1, 119, 42, 66, 139, 25, 34, 16, 56, 135, 100, 80, 0, 55, 124, 106, 118, 9, 141, 149, 26, 116, 11, 19, 117, 147, 91, 78, 23, 84, 27, 35, 131, 145, 108, 96, 112, 134, 159, 127, 3, 82, 29, 17, 57, 74, 114, 77, 101, 48, ]
162	36.4015	[82, 121, 117, 93, 50, 116, 78, 151, 81, 23, 1, 105, 66, 64, 100, 161, 14, 18, 119, 44, 127, 7, 156, 103, 111, 62, 154, 71, 69, 88, 53, 120, 49, 61, 72, 80, 15, 99, 141, 86, 59, 160, 22, 139, 32, 143, 13, 28, 63, 97, 118, 56, 41, 95, 19, 157, 10, 110, 114, 43, 96, 125, 101, 147, 5, 35, 38, 4, 17, 73, 79, 83, 137, 6, 27, 132, 153, 76, 25, 55, 8, 58, 89, 12, 77, 109, 47, 51, 148, 158, 140, 33, 98, 115, 152, 108, 129, 131, 20, 128, 92, 136, 112, 2, 39, 135, 149, 138, 134, 60, 65, 21, 87, 0, 16, 155, 24, 102, 52, 85, 3, 123, 84, 150, 42, 34, 31, 159, 122, 45, 126, 74, 90, 144, 57, 104, 133, 124, 26, 11, 113, 91, 145, 46, 107, 36, 67, 48, 130, 68, 70, 146, 142, 30, 94, 29, 9, 54, 75, 37, 40, 106, ]
163	36.6431	[55, 35, 124, 135, 9, 57, 34, 105, 102, 62, 151, 52, 80, 64, 103, 74, 162, 2, 88, 77, 159, 65, 109, 68, 97, 13, 107, 58, 32, 122, 48, 134, 111, 33, 73, 120, 161, 137, 12, 129, 63, 153, 130, 81, 139, 95, 72, 6, 26, 92, 96, 49, 148, 82, 66, 42, 128, 37, 3, 20, 69, 160, 10, 125, 94, 87, 146, 44, 154, 36, 131, 140, 119, 89, 158, 132, 46, 27, 115, 30, 83, 106, 142, 19, 41, 86, 150, 45, 40, 75, 59, 4, 16, 149, 21, 71, 18, 118, 100, 110, 133, 38, 121, 31, 99, 51, 7, 143, 61, 28, 117, 126, 136, 79, 22, 155, 54, 60, 5, 8, 85, 156, 104, 25, 141, 157, 70, 91, 39, 1, 101, 11, 113, 43, 127, 47, 144, 53, 78, 15, 112, 76, 17, 14, 123, 0, 114, 138, 90, 98, 23, 145, 29, 67, 50, 152, 116, 147, 56, 84, 93, 108, 24, ]
164	32.3077	[83, 37, 52, 44, 55, 73, 40, 139, 128, 47, 54, 100, 150, 74, 162, 91, 9, 120, 58, 109, 122, 1, 23, 134, 157, 124, 154, 81, 102, 42, 130, 125, 28, 48, 89, 22, 85, 43, 103, 2, 149, 3, 156, 10, 160, 27, 108, 126, 69, 121, 66, 76, 33, 137, 155, 92, 112, 114, 34, 15, 119, 61, 101, 46, 111, 64, 159, 32, 57, 132, 16, 163, 17, 70, 138, 84, 129, 7, 19, 152, 146, 38, 115, 113, 110, 25, 59, 26, 6, 63, 50, 12, 56, 136, 80, 20, 99, 4, 140, 116, 72, 49, 36, 30, 123, 82, 29, 0, 77, 5, 24, 143, 158, 105, 142, 117, 107, 41, 145, 97, 86, 131, 106, 127, 8, 75, 62, 141, 11, 88, 35, 53, 51, 45, 21, 153, 148, 135, 133, 147, 68, 94, 71, 104, 95, 65, 151, 14, 118, 18, 161, 60, 78, 90, 39, 87, 13, 67, 93, 144, 98, 31, 79, 96, ]
165	28.1365	[85, 63, 132, 86, 115, 99, 27, 119, 17, 73, 13, 82, 60, 68, 98, 93, 141, 156, 69, 59, 78, 101, 87, 139, 113, 91, 117, 26, 155, 111, 38, 20, 95, 128, 62, 112, 7, 130, 57, 163, 34, 45, 19, 72, 14, 146, 143, 103, 49, 5, 81, 124, 127, 6, 2, 145, 80, 106, 48, 133, 110, 83, 150, 42, 75, 70, 152, 50, 9, 126, 3, 43, 153, 18, 104, 162, 31, 41, 154, 1, 159, 125, 108, 122, 8, 97, 147, 94, 121, 12, 160, 105, 79, 138, 140, 16, 24, 35, 74, 0, 51, 53, 44, 84, 65, 142, 71, 23, 161, 136, 28, 10, 47, 88, 148, 157, 52, 32, 96, 151, 33, 114, 36, 129, 92, 55, 123, 29, 37, 109, 25, 77, 61, 158, 54, 89, 120, 15, 22, 64, 90, 137, 116, 131, 4, 76, 39, 164, 134, 144, 67, 100, 58, 135, 40, 11, 30, 149, 46, 102, 107, 118, 66, 21, 56, ]
166	29.3423	[54, 67, 127, 148, 29, 105, 46, 76, 100, 30, 10, 27, 158, 77, 86, 35, 137, 92, 52, 139, 98, 128, 124, 56, 50, 61, 6, 44, 89, 36, 15, 113, 95, 144, 152, 79, 84, 154, 96, 25, 83, 51, 110, 151, 32, 121, 162, 1, 90, 143, 146, 26, 141, 14, 91, 69, 85, 119, 156, 23, 115, 142, 165, 150, 38, 8, 49, 75, 45, 47, 66, 145, 157, 39, 4, 97, 9, 19, 123, 149, 132, 164, 22, 20, 5, 136, 12, 81, 129, 16, 42, 3, 87, 62, 117, 107, 43, 103, 155, 2, 63, 21, 134, 138, 55, 120, 133, 160, 126, 88, 80, 104, 71, 94, 118, 73, 34, 82, 17, 101, 37, 159, 135, 99, 60, 64, 116, 125, 0, 33, 131, 93, 163, 65, 153, 70, 7, 28, 57, 41, 78, 114, 40, 18, 112, 11, 130, 102, 140, 109, 161, 58, 108, 53, 31, 122, 147, 24, 68, 72, 106, 111, 48, 74, 59, 13, ]
167	40.6677	[149, 119, 92, 66, 135, 80, 11, 139, 54, 126, 83, 90, 46, 31, 130, 106, 4, 70, 151, 38, 51, 25, 125, 19, 39, 22, 111, 43, 158, 61, 96, 64, 153, 101, 118, 65, 72, 104, 142, 88, 42, 102, 18, 115, 164, 69, 3, 34, 112, 132, 160, 131, 141, 27, 108, 93, 5, 79, 166, 40, 28, 13, 97, 75, 138, 147, 165, 30, 0, 94, 47, 148, 37, 144, 162, 76, 89, 41, 29, 120, 9, 50, 16, 8, 44, 20, 155, 129, 116, 145, 6, 99, 121, 52, 67, 7, 36, 15, 124, 122, 78, 91, 87, 163, 62, 100, 146, 77, 17, 63, 85, 159, 58, 84, 113, 59, 123, 137, 55, 45, 35, 32, 161, 33, 74, 107, 53, 49, 14, 109, 10, 23, 1, 136, 81, 68, 128, 103, 117, 133, 140, 127, 114, 154, 150, 134, 82, 157, 2, 57, 21, 26, 71, 73, 95, 98, 86, 110, 156, 48, 143, 152, 56, 12, 24, 60, 105, ]
168	35.7035	[116, 47, 62, 68, 81, 151, 5, 163, 80, 16, 69, 91, 156, 50, 58, 19, 104, 123, 118, 129, 42, 45, 149, 59, 94, 48, 77, 60, 121, 92, 75, 159, 8, 155, 3, 20, 44, 136, 52, 114, 10, 128, 157, 140, 122, 88, 63, 6, 78, 138, 25, 127, 40, 93, 106, 51, 85, 55, 144, 132, 39, 82, 96, 153, 167, 139, 98, 105, 162, 32, 26, 7, 38, 11, 145, 86, 31, 133, 72, 148, 33, 131, 95, 141, 73, 152, 89, 67, 130, 70, 4, 107, 154, 36, 23, 43, 160, 28, 108, 9, 24, 34, 137, 76, 110, 18, 115, 12, 161, 124, 1, 165, 15, 29, 71, 146, 99, 166, 13, 158, 120, 147, 0, 21, 65, 150, 112, 101, 46, 79, 22, 66, 134, 14, 83, 57, 164, 64, 109, 126, 27, 119, 102, 2, 61, 103, 30, 56, 74, 142, 117, 113, 84, 54, 100, 41, 53, 37, 97, 111, 90, 125, 87, 17, 49, 35, 143, 135, ]
169	37.4309	[46, 42, 85, 51, 155, 39, 60, 110, 75, 28, 86, 101, 130, 148, 146, 27, 121, 114, 157, 45, 98, 5, 52, 13, 133, 152, 66, 108, 41, 115, 90, 0, 166, 97, 19, 59, 93, 26, 30, 56, 65, 74, 49, 137, 119, 94, 154, 12, 120, 160, 165, 57, 145, 54, 139, 18, 125, 3, 61, 112, 83, 17, 161, 129, 38, 102, 140, 9, 127, 71, 78, 163, 25, 100, 29, 95, 134, 73, 151, 168, 47, 4, 132, 111, 147, 136, 14, 87, 153, 76, 126, 32, 113, 149, 7, 63, 50, 141, 84, 33, 72, 10, 2, 53, 48, 103, 70, 104, 150, 118, 16, 91, 106, 123, 11, 144, 20, 37, 89, 67, 167, 156, 62, 24, 162, 143, 15, 158, 23, 58, 109, 124, 81, 55, 96, 43, 131, 8, 142, 44, 77, 116, 80, 21, 122, 159, 107, 105, 31, 6, 40, 128, 1, 164, 35, 138, 68, 88, 117, 69, 36, 79, 92, 22, 99, 135, 82, 34, 64, ]
170	39.5143	[34, 102, 84, 66, 60, 53, 18, 114, 92, 152, 110, 68, 63, 98, 78, 83, 24, 105, 108, 28, 33, 112, 156, 153, 70, 23, 59, 147, 122, 22, 166, 12, 127, 144, 113, 163, 0, 73, 76, 119, 142, 52, 145, 16, 65, 123, 15, 57, 67, 79, 45, 159, 8, 140, 146, 2, 125, 61, 111, 13, 77, 1, 29, 62, 10, 124, 40, 46, 96, 75, 168, 86, 5, 154, 6, 141, 51, 135, 164, 56, 87, 143, 50, 88, 167, 4, 31, 69, 165, 115, 11, 158, 131, 133, 121, 71, 47, 49, 148, 151, 118, 93, 157, 134, 104, 94, 97, 132, 162, 25, 80, 95, 136, 35, 155, 21, 26, 137, 27, 82, 85, 109, 58, 37, 39, 139, 3, 130, 106, 91, 54, 44, 19, 74, 38, 120, 107, 103, 128, 161, 48, 32, 90, 129, 42, 17, 7, 36, 149, 43, 20, 138, 89, 169, 81, 30, 9, 101, 160, 55, 117, 72, 100, 116, 64, 14, 126, 150, 41, 99, ]
171	38.4569	[91, 106, 67, 138, 92, 90, 12, 82, 28, 112, 142, 94, 89, 126, 70, 41, 84, 155, 141, 93, 44, 103, 109, 30, 152, 46, 25, 59, 125, 73, 83, 66, 29, 52, 96, 129, 79, 145, 97, 153, 22, 133, 81, 170, 32, 72, 119, 113, 50, 24, 139, 19, 151, 149, 124, 27, 105, 150, 127, 68, 6, 17, 26, 114, 40, 51, 144, 162, 166, 53, 100, 21, 64, 4, 37, 165, 147, 2, 5, 104, 69, 110, 85, 167, 42, 8, 122, 47, 102, 146, 137, 128, 7, 131, 34, 38, 49, 107, 98, 121, 55, 45, 163, 16, 159, 3, 23, 77, 136, 11, 71, 157, 143, 154, 148, 48, 63, 111, 135, 169, 116, 88, 76, 33, 62, 118, 168, 15, 161, 9, 101, 1, 140, 61, 35, 13, 78, 20, 74, 120, 60, 132, 99, 123, 95, 156, 158, 134, 39, 108, 80, 75, 117, 130, 57, 18, 43, 36, 10, 160, 65, 14, 56, 58, 31, 87, 0, 115, 54, 164, 86, ]
172	45.7265	[86, 67, 148, 110, 142, 78, 36, 74, 57, 145, 49, 120, 50, 153, 159, 90, 59, 75, 170, 106, 89, 134, 98, 162, 136, 81, 77, 69, 4, 112, 20, 16, 42, 37, 137, 113, 156, 130, 61, 13, 144, 19, 24, 2, 66, 107, 94, 88, 34, 121, 14, 22, 160, 23, 104, 151, 127, 147, 123, 38, 44, 30, 70, 116, 163, 52, 64, 155, 25, 164, 124, 51, 87, 65, 83, 154, 39, 17, 85, 28, 97, 161, 79, 35, 169, 41, 92, 131, 140, 114, 21, 105, 128, 122, 171, 119, 43, 31, 109, 126, 135, 158, 27, 149, 45, 32, 139, 62, 6, 15, 55, 143, 9, 80, 76, 29, 7, 10, 93, 0, 48, 168, 95, 117, 40, 138, 152, 129, 72, 68, 26, 82, 11, 1, 53, 101, 132, 118, 96, 157, 141, 91, 5, 108, 47, 54, 166, 58, 125, 165, 71, 99, 56, 63, 115, 167, 46, 103, 73, 60, 84, 150, 33, 146, 12, 133, 8, 100, 111, 3, 102, 18, ]
173	40.1628	[154, 11, 37, 46, 149, 28, 74, 108, 1, 78, 41, 137, 151, 91, 150, 121, 50, 33, 134, 157, 40, 42, 14, 84, 133, 72, 114, 38, 99, 61, 92, 159, 162, 39, 124, 116, 144, 109, 163, 63, 22, 58, 69, 125, 77, 158, 110, 56, 143, 12, 127, 5, 172, 97, 168, 23, 70, 59, 103, 129, 135, 57, 111, 71, 161, 29, 17, 62, 160, 98, 73, 165, 146, 138, 10, 55, 126, 95, 47, 53, 147, 60, 123, 26, 112, 4, 20, 100, 164, 89, 120, 170, 25, 3, 75, 19, 51, 122, 83, 43, 49, 7, 153, 80, 24, 104, 13, 155, 2, 145, 27, 169, 21, 18, 136, 85, 8, 171, 96, 113, 79, 34, 94, 0, 35, 115, 166, 65, 132, 16, 87, 31, 54, 64, 48, 142, 76, 102, 88, 32, 44, 66, 139, 141, 90, 118, 130, 68, 167, 81, 15, 140, 93, 106, 52, 82, 101, 128, 86, 45, 107, 117, 36, 30, 152, 131, 105, 119, 6, 156, 9, 67, 148, ]
174	42.0478	[125, 90, 24, 28, 107, 153, 113, 135, 137, 41, 4, 71, 105, 77, 168, 44, 86, 63, 110, 34, 79, 49, 109, 58, 73, 31, 7, 126, 152, 127, 68, 35, 128, 8, 172, 155, 101, 114, 112, 96, 22, 60, 29, 169, 94, 156, 124, 32, 129, 149, 5, 142, 23, 143, 50, 9, 93, 132, 78, 33, 25, 87, 48, 42, 104, 13, 117, 121, 150, 102, 3, 134, 72, 56, 10, 80, 145, 57, 45, 97, 26, 15, 6, 131, 46, 151, 95, 75, 30, 27, 161, 167, 82, 2, 38, 140, 123, 81, 159, 157, 103, 19, 170, 139, 148, 61, 173, 84, 160, 106, 36, 1, 40, 147, 53, 12, 76, 138, 43, 130, 67, 116, 164, 74, 0, 14, 85, 166, 120, 118, 146, 154, 54, 99, 20, 108, 11, 144, 88, 141, 59, 158, 133, 16, 89, 55, 83, 18, 111, 92, 119, 115, 165, 69, 21, 62, 39, 51, 70, 171, 64, 52, 65, 162, 66, 163, 136, 98, 17, 122, 100, 91, 37, 47, ]
175	36.0126	[157, 60, 114, 149, 90, 40, 153, 67, 77, 106, 61, 56, 141, 156, 132, 1, 73, 108, 96, 46, 81, 146, 16, 28, 140, 31, 49, 161, 128, 53, 110, 8, 34, 147, 83, 33, 6, 158, 169, 142, 134, 87, 41, 93, 145, 154, 122, 103, 74, 133, 69, 51, 59, 130, 84, 174, 137, 115, 12, 163, 168, 2, 117, 72, 24, 32, 10, 63, 143, 148, 138, 52, 36, 11, 164, 167, 89, 160, 29, 126, 152, 15, 45, 54, 58, 47, 4, 18, 102, 42, 68, 111, 95, 19, 30, 0, 80, 113, 57, 172, 43, 91, 123, 173, 136, 21, 3, 150, 144, 75, 120, 7, 22, 85, 125, 14, 25, 165, 76, 101, 159, 162, 39, 48, 109, 71, 166, 131, 20, 44, 70, 35, 13, 27, 107, 118, 170, 86, 135, 23, 119, 78, 171, 112, 99, 9, 5, 139, 116, 55, 98, 64, 26, 82, 62, 66, 121, 79, 151, 38, 155, 88, 65, 50, 37, 104, 94, 100, 129, 92, 105, 127, 124, 97, 17, ]
176	48.8033	[61, 106, 2, 39, 86, 62, 161, 102, 135, 111, 34, 147, 74, 66, 164, 53, 23, 142, 96, 40, 52, 107, 70, 87, 10, 76, 120, 99, 26, 69, 95, 116, 46, 175, 29, 157, 132, 63, 173, 170, 44, 114, 7, 110, 168, 124, 150, 137, 54, 108, 20, 101, 141, 134, 31, 165, 89, 51, 16, 79, 123, 50, 0, 78, 1, 15, 71, 104, 166, 112, 162, 171, 17, 103, 43, 163, 58, 133, 41, 118, 148, 55, 14, 160, 19, 42, 113, 136, 56, 77, 75, 126, 68, 11, 91, 155, 98, 33, 167, 146, 24, 60, 154, 145, 129, 122, 125, 97, 72, 13, 30, 21, 9, 73, 25, 90, 144, 172, 152, 12, 121, 94, 140, 6, 32, 138, 48, 27, 67, 59, 47, 153, 93, 81, 8, 84, 28, 64, 92, 83, 151, 57, 109, 139, 35, 4, 158, 119, 3, 159, 130, 117, 18, 37, 82, 36, 65, 128, 45, 105, 22, 169, 143, 156, 85, 174, 80, 49, 38, 131, 5, 149, 115, 88, 100, 127, ]
177	38.9598	[111, 171, 41, 94, 62, 66, 138, 115, 34, 77, 79, 146, 91, 143, 173, 108, 137, 92, 69, 160, 164, 74, 45, 58, 136, 10, 123, 116, 24, 110, 107, 144, 78, 129, 44, 14, 8, 159, 25, 33, 48, 32, 148, 70, 126, 63, 84, 0, 50, 156, 19, 31, 7, 170, 128, 87, 139, 142, 3, 174, 176, 124, 132, 53, 101, 39, 13, 153, 169, 64, 36, 6, 76, 54, 47, 103, 105, 172, 46, 82, 121, 15, 20, 1, 140, 5, 42, 120, 37, 4, 162, 134, 165, 12, 119, 73, 71, 131, 21, 113, 93, 150, 100, 49, 149, 114, 158, 155, 109, 168, 81, 72, 166, 130, 27, 99, 152, 17, 104, 89, 175, 38, 29, 86, 65, 122, 118, 18, 30, 151, 154, 43, 97, 22, 141, 68, 40, 51, 16, 67, 161, 147, 90, 102, 127, 157, 96, 26, 2, 106, 163, 80, 83, 95, 9, 60, 167, 23, 135, 52, 11, 57, 59, 145, 75, 35, 88, 125, 98, 28, 56, 133, 55, 61, 117, 112, 85, ]
178	43.8183	[37, 67, 63, 113, 51, 43, 152, 107, 82, 16, 137, 7, 165, 119, 93, 60, 28, 59, 66, 169, 79, 48, 45, 138, 73, 103, 171, 143, 54, 84, 111, 167, 68, 110, 9, 23, 149, 134, 3, 130, 170, 20, 98, 83, 115, 0, 47, 136, 147, 70, 126, 163, 35, 174, 25, 19, 173, 155, 72, 64, 62, 102, 106, 97, 31, 108, 32, 24, 42, 161, 22, 75, 144, 140, 14, 34, 159, 12, 153, 29, 100, 127, 133, 151, 157, 116, 104, 38, 27, 92, 109, 160, 125, 71, 17, 101, 39, 162, 148, 2, 5, 86, 141, 89, 128, 114, 122, 96, 168, 18, 11, 1, 142, 166, 146, 76, 13, 61, 176, 65, 69, 90, 44, 77, 132, 50, 30, 40, 120, 124, 88, 118, 21, 53, 10, 4, 15, 135, 129, 55, 175, 33, 8, 156, 78, 57, 94, 46, 121, 112, 95, 87, 52, 164, 131, 154, 26, 172, 139, 85, 177, 117, 80, 123, 41, 58, 6, 91, 56, 145, 150, 81, 99, 36, 158, 105, 74, 49, ]
179	52.4911	[146, 122, 137, 45, 72, 54, 113, 165, 134, 82, 104, 99, 97, 157, 92, 43, 114, 38, 172, 75, 4, 30, 158, 26, 77, 150, 107, 78, 74, 39, 5, 61, 170, 176, 88, 132, 0, 148, 14, 102, 111, 67, 37, 143, 119, 58, 155, 27, 35, 164, 46, 118, 175, 47, 140, 127, 101, 56, 60, 171, 85, 135, 62, 124, 177, 12, 21, 15, 25, 110, 89, 50, 161, 80, 63, 86, 68, 22, 174, 94, 84, 31, 73, 1, 33, 154, 9, 145, 23, 159, 167, 125, 123, 129, 13, 36, 8, 147, 64, 126, 16, 117, 24, 29, 163, 51, 149, 139, 98, 156, 19, 55, 40, 71, 169, 120, 79, 76, 106, 100, 138, 83, 151, 162, 96, 10, 34, 133, 168, 11, 18, 153, 2, 103, 178, 3, 87, 6, 116, 59, 57, 108, 95, 48, 112, 66, 115, 7, 130, 173, 49, 152, 90, 28, 166, 109, 142, 131, 20, 53, 93, 65, 41, 160, 141, 136, 105, 128, 42, 121, 81, 144, 17, 44, 69, 32, 52, 70, 91, ]
180	36.8344	[140, 160, 73, 115, 50, 146, 119, 113, 108, 83, 109, 10, 27, 45, 66, 12, 21, 114, 111, 78, 134, 49, 127, 88, 28, 60, 101, 80, 135, 163, 8, 68, 96, 44, 162, 18, 161, 129, 126, 94, 4, 61, 172, 43, 54, 33, 102, 131, 7, 1, 31, 20, 71, 59, 98, 35, 125, 32, 99, 36, 0, 15, 164, 120, 130, 90, 2, 29, 178, 24, 137, 169, 132, 122, 105, 166, 106, 69, 91, 51, 153, 23, 121, 41, 3, 16, 19, 177, 136, 159, 133, 56, 58, 63, 155, 40, 174, 70, 175, 100, 74, 143, 128, 157, 64, 95, 92, 110, 26, 142, 117, 173, 97, 9, 46, 6, 37, 141, 52, 39, 170, 168, 145, 67, 17, 14, 75, 116, 179, 77, 124, 13, 30, 47, 148, 152, 165, 139, 154, 76, 81, 150, 176, 22, 171, 48, 107, 85, 104, 79, 89, 34, 123, 82, 5, 151, 57, 65, 53, 167, 87, 118, 25, 147, 38, 112, 11, 158, 93, 86, 149, 138, 84, 72, 156, 62, 144, 103, 42, 55, ]
181	53.9026	[168, 61, 51, 92, 57, 144, 173, 121, 85, 65, 71, 151, 8, 27, 36, 141, 63, 128, 46, 77, 174, 67, 62, 102, 76, 171, 179, 145, 78, 80, 43, 178, 123, 150, 10, 115, 35, 99, 175, 134, 167, 119, 59, 143, 88, 1, 176, 114, 177, 120, 28, 26, 79, 23, 146, 37, 87, 73, 166, 107, 52, 155, 131, 72, 49, 56, 98, 16, 86, 70, 12, 161, 19, 108, 68, 42, 39, 103, 112, 172, 95, 13, 124, 24, 45, 29, 154, 116, 162, 55, 129, 163, 165, 96, 30, 2, 31, 90, 50, 38, 5, 164, 32, 157, 22, 53, 142, 60, 33, 132, 180, 9, 89, 75, 159, 48, 127, 101, 0, 140, 125, 100, 109, 97, 58, 105, 84, 160, 138, 126, 3, 169, 25, 20, 74, 135, 148, 14, 66, 137, 83, 122, 93, 4, 94, 91, 152, 111, 156, 153, 170, 110, 40, 44, 17, 15, 18, 117, 7, 113, 82, 118, 64, 149, 133, 136, 11, 139, 47, 158, 21, 81, 6, 104, 147, 130, 41, 106, 34, 54, 69, ]
182	38.4363	[44, 155, 147, 84, 80, 103, 34, 115, 94, 86, 72, 43, 92, 114, 51, 98, 9, 107, 70, 119, 58, 134, 81, 74, 57, 139, 91, 180, 97, 100, 0, 41, 102, 118, 140, 11, 176, 161, 120, 158, 60, 178, 38, 28, 122, 23, 17, 22, 145, 142, 138, 35, 4, 99, 177, 5, 29, 54, 16, 39, 126, 181, 61, 42, 73, 169, 130, 125, 8, 63, 111, 77, 133, 148, 46, 37, 1, 137, 12, 27, 85, 47, 14, 146, 49, 88, 3, 121, 123, 56, 25, 2, 18, 48, 7, 152, 50, 112, 127, 117, 136, 89, 175, 159, 172, 65, 10, 131, 162, 66, 79, 156, 71, 87, 109, 105, 45, 128, 21, 132, 62, 129, 104, 171, 166, 174, 69, 90, 52, 15, 113, 32, 78, 124, 67, 33, 26, 141, 154, 165, 13, 36, 173, 24, 6, 68, 30, 40, 150, 168, 157, 20, 96, 167, 143, 75, 179, 76, 170, 160, 101, 108, 93, 163, 82, 53, 19, 106, 59, 83, 151, 116, 31, 110, 135, 64, 153, 55, 164, 95, 144, 149, ]
183	50.1293	[58, 135, 84, 64, 42, 178, 59, 157, 143, 22, 103, 71, 127, 76, 120, 92, 78, 16, 126, 155, 171, 99, 109, 98, 61, 65, 154, 10, 168, 173, 97, 163, 145, 153, 108, 41, 134, 142, 124, 63, 48, 144, 146, 133, 8, 12, 20, 106, 118, 66, 159, 90, 46, 73, 69, 102, 158, 7, 79, 21, 44, 87, 37, 119, 5, 60, 34, 52, 162, 32, 149, 139, 101, 62, 4, 156, 35, 123, 112, 93, 176, 27, 51, 132, 28, 137, 140, 53, 80, 14, 81, 182, 161, 24, 105, 50, 67, 169, 131, 25, 151, 111, 54, 6, 180, 70, 179, 130, 152, 23, 122, 177, 17, 3, 47, 72, 141, 147, 116, 11, 30, 128, 0, 83, 167, 121, 129, 175, 115, 18, 91, 85, 33, 114, 138, 19, 2, 113, 29, 13, 88, 160, 55, 15, 100, 117, 164, 86, 36, 49, 57, 38, 75, 181, 94, 26, 165, 68, 136, 77, 82, 56, 39, 45, 166, 74, 148, 172, 1, 9, 150, 40, 107, 31, 174, 43, 95, 104, 125, 96, 170, 89, 110, ]
184	49.9503	[136, 142, 104, 94, 80, 167, 129, 107, 109, 78, 76, 42, 46, 131, 126, 14, 162, 156, 43, 36, 50, 53, 37, 85, 96, 68, 31, 171, 102, 25, 182, 8, 105, 70, 45, 47, 103, 119, 155, 124, 139, 82, 150, 24, 98, 59, 149, 161, 12, 67, 19, 137, 44, 72, 2, 28, 135, 108, 168, 175, 40, 5, 51, 48, 111, 10, 15, 93, 183, 127, 71, 21, 62, 56, 3, 75, 9, 165, 122, 125, 140, 174, 146, 49, 181, 138, 33, 123, 60, 63, 1, 16, 144, 173, 0, 176, 87, 29, 118, 22, 106, 4, 151, 164, 34, 133, 81, 26, 39, 180, 66, 38, 147, 11, 57, 178, 132, 52, 160, 90, 117, 148, 170, 99, 7, 32, 27, 177, 166, 17, 97, 84, 86, 35, 73, 114, 95, 65, 23, 152, 163, 134, 79, 141, 61, 154, 116, 169, 69, 112, 179, 113, 88, 110, 13, 159, 18, 20, 92, 54, 6, 58, 77, 157, 172, 120, 153, 145, 128, 30, 74, 64, 158, 83, 55, 115, 100, 91, 130, 101, 121, 89, 143, 41, ]
185	53.5783	[55, 85, 154, 69, 76, 172, 131, 74, 26, 78, 37, 114, 93, 141, 96, 59, 102, 109, 41, 110, 137, 81, 112, 122, 143, 46, 101, 167, 121, 48, 83, 47, 32, 35, 138, 13, 17, 75, 183, 22, 147, 182, 52, 152, 5, 43, 30, 72, 94, 163, 10, 139, 38, 171, 39, 176, 108, 66, 156, 33, 84, 90, 54, 128, 174, 0, 77, 161, 111, 91, 148, 107, 36, 23, 124, 145, 125, 44, 165, 140, 29, 144, 184, 166, 1, 100, 61, 53, 173, 151, 63, 7, 3, 123, 158, 20, 28, 49, 34, 56, 65, 27, 105, 129, 146, 68, 57, 95, 97, 180, 103, 159, 168, 9, 60, 71, 106, 79, 15, 19, 73, 153, 136, 162, 42, 119, 4, 14, 179, 149, 40, 8, 177, 2, 16, 80, 64, 21, 45, 116, 127, 88, 175, 113, 150, 117, 181, 164, 86, 120, 89, 133, 51, 18, 134, 82, 24, 12, 99, 160, 155, 130, 6, 170, 132, 178, 70, 115, 62, 58, 11, 126, 92, 169, 67, 98, 50, 135, 157, 25, 31, 87, 104, 142, 118, ]
186	46.3815	[112, 37, 42, 92, 161, 184, 59, 13, 83, 53, 79, 15, 57, 67, 91, 131, 137, 103, 160, 34, 129, 117, 70, 124, 152, 99, 35, 134, 179, 110, 3, 164, 16, 31, 139, 23, 82, 51, 38, 175, 144, 19, 102, 30, 52, 58, 185, 84, 132, 26, 158, 162, 27, 14, 86, 66, 78, 76, 183, 127, 121, 174, 12, 148, 87, 141, 18, 101, 147, 74, 94, 56, 21, 156, 123, 2, 41, 60, 24, 169, 122, 163, 111, 113, 176, 173, 138, 20, 151, 17, 64, 10, 85, 128, 165, 154, 108, 135, 93, 71, 48, 81, 7, 39, 46, 9, 170, 50, 97, 65, 177, 142, 98, 171, 180, 1, 69, 5, 11, 40, 96, 88, 45, 43, 181, 62, 120, 168, 73, 145, 25, 4, 0, 140, 133, 90, 106, 119, 107, 182, 166, 159, 29, 100, 75, 146, 80, 149, 44, 49, 104, 178, 155, 47, 68, 72, 114, 136, 150, 61, 126, 157, 130, 153, 8, 125, 28, 32, 22, 116, 167, 63, 143, 6, 109, 105, 36, 95, 77, 118, 89, 172, 54, 115, 33, 55, ]
187	46.8253	[94, 144, 99, 58, 107, 54, 8, 90, 30, 70, 52, 98, 20, 67, 115, 111, 28, 95, 33, 153, 37, 184, 63, 133, 60, 57, 152, 155, 87, 173, 177, 11, 151, 146, 15, 140, 105, 32, 129, 83, 46, 86, 14, 77, 75, 48, 150, 170, 40, 88, 78, 56, 109, 128, 149, 139, 50, 73, 25, 161, 148, 74, 4, 36, 164, 147, 145, 166, 106, 6, 0, 169, 19, 44, 97, 23, 119, 39, 92, 10, 120, 162, 156, 22, 114, 174, 176, 38, 158, 21, 68, 5, 76, 130, 186, 82, 96, 132, 51, 175, 66, 62, 42, 123, 171, 178, 47, 17, 179, 167, 103, 12, 159, 34, 71, 122, 126, 113, 24, 172, 64, 41, 26, 13, 16, 18, 84, 138, 154, 93, 27, 100, 7, 137, 110, 181, 118, 185, 165, 160, 117, 35, 127, 3, 72, 45, 9, 121, 157, 135, 49, 1, 142, 79, 65, 180, 89, 31, 108, 104, 55, 136, 29, 43, 183, 163, 101, 69, 124, 81, 85, 53, 80, 91, 112, 59, 125, 102, 61, 131, 134, 182, 116, 143, 2, 168, 141, ]
188	47.6671	[177, 110, 126, 107, 135, 122, 99, 96, 146, 75, 160, 26, 49, 84, 50, 145, 37, 150, 21, 35, 139, 12, 157, 111, 168, 34, 86, 109, 138, 40, 74, 78, 83, 9, 47, 13, 62, 93, 91, 175, 181, 120, 38, 77, 141, 171, 154, 102, 23, 43, 45, 136, 143, 149, 118, 133, 174, 119, 19, 184, 147, 30, 70, 56, 22, 25, 33, 130, 125, 182, 87, 113, 2, 165, 1, 72, 170, 17, 44, 65, 129, 6, 14, 0, 41, 186, 104, 71, 161, 18, 36, 54, 167, 57, 163, 169, 123, 46, 20, 127, 131, 103, 61, 3, 27, 173, 105, 94, 29, 97, 52, 85, 5, 148, 144, 95, 8, 24, 68, 117, 92, 164, 134, 66, 176, 15, 180, 11, 90, 187, 140, 116, 178, 158, 79, 48, 55, 142, 106, 162, 31, 39, 81, 10, 185, 100, 128, 51, 172, 32, 115, 132, 76, 64, 155, 60, 156, 67, 16, 179, 80, 183, 152, 42, 153, 121, 137, 114, 101, 4, 69, 28, 124, 59, 151, 7, 58, 112, 63, 73, 53, 82, 108, 166, 98, 88, 159, 89, ]
189	57.943	[42, 70, 34, 132, 144, 173, 114, 33, 14, 71, 8, 98, 61, 92, 35, 140, 84, 62, 178, 20, 181, 118, 85, 37, 23, 142, 15, 117, 30, 45, 82, 146, 151, 77, 145, 47, 102, 91, 93, 133, 44, 54, 73, 99, 182, 175, 104, 161, 86, 121, 157, 122, 180, 138, 50, 66, 139, 160, 48, 17, 1, 137, 65, 143, 150, 183, 52, 22, 28, 170, 94, 169, 165, 172, 155, 6, 57, 111, 124, 156, 13, 90, 174, 31, 27, 128, 164, 123, 80, 162, 129, 179, 55, 5, 69, 21, 116, 0, 126, 9, 100, 171, 177, 10, 18, 41, 51, 12, 29, 49, 87, 148, 74, 72, 75, 67, 89, 135, 38, 46, 113, 188, 141, 187, 2, 96, 25, 184, 4, 64, 152, 110, 79, 101, 119, 26, 131, 154, 108, 186, 3, 43, 11, 60, 120, 168, 97, 19, 32, 106, 134, 24, 167, 78, 40, 83, 36, 68, 185, 112, 16, 125, 159, 59, 130, 95, 149, 56, 76, 136, 58, 176, 163, 88, 53, 153, 105, 81, 166, 39, 7, 127, 147, 115, 158, 103, 63, 109, 107, ]
190	60.3836	[112, 66, 130, 95, 54, 51, 75, 31, 6, 64, 82, 49, 27, 77, 165, 156, 26, 103, 128, 121, 153, 96, 58, 140, 9, 147, 104, 142, 98, 152, 48, 39, 71, 133, 97, 148, 29, 131, 175, 188, 116, 185, 132, 117, 150, 23, 108, 30, 119, 146, 21, 111, 73, 34, 110, 14, 16, 125, 100, 4, 189, 170, 24, 159, 143, 11, 177, 92, 81, 167, 87, 45, 67, 62, 68, 33, 15, 7, 44, 184, 85, 154, 134, 127, 168, 174, 59, 28, 53, 120, 144, 176, 99, 136, 114, 52, 129, 93, 80, 179, 76, 138, 50, 2, 171, 32, 109, 155, 137, 160, 17, 74, 43, 172, 47, 65, 70, 164, 20, 141, 84, 72, 149, 181, 10, 126, 79, 180, 5, 19, 102, 135, 55, 123, 69, 8, 0, 105, 187, 158, 107, 3, 182, 166, 57, 161, 115, 90, 157, 183, 1, 38, 78, 139, 145, 91, 162, 101, 186, 37, 63, 122, 173, 12, 151, 56, 22, 83, 60, 88, 41, 13, 124, 113, 40, 42, 118, 25, 178, 89, 61, 18, 106, 36, 163, 35, 86, 46, 94, 169, ]
191	68.4108	[162, 67, 34, 55, 71, 187, 3, 87, 118, 5, 183, 153, 61, 90, 169, 42, 143, 121, 32, 147, 18, 11, 185, 108, 45, 130, 102, 60, 106, 59, 154, 94, 63, 172, 57, 100, 151, 124, 163, 51, 20, 111, 14, 114, 30, 135, 16, 138, 164, 10, 144, 73, 68, 156, 190, 29, 37, 179, 83, 88, 186, 158, 2, 184, 150, 107, 101, 93, 177, 64, 72, 50, 126, 117, 134, 99, 47, 62, 22, 43, 89, 35, 31, 152, 137, 103, 0, 170, 167, 40, 174, 36, 13, 132, 7, 105, 95, 145, 104, 188, 168, 17, 157, 53, 149, 25, 1, 166, 142, 122, 161, 78, 70, 4, 178, 33, 24, 80, 159, 44, 98, 49, 74, 58, 8, 181, 23, 96, 9, 165, 15, 19, 119, 115, 141, 173, 176, 38, 175, 26, 77, 12, 189, 171, 155, 139, 76, 56, 84, 66, 91, 28, 127, 129, 52, 21, 148, 110, 41, 160, 133, 120, 6, 75, 79, 97, 131, 113, 27, 146, 46, 81, 65, 92, 39, 123, 54, 180, 48, 82, 69, 136, 182, 140, 86, 116, 125, 109, 112, 85, 128, ]
192	62.2432	[13, 88, 7, 20, 99, 114, 117, 134, 37, 121, 60, 75, 110, 49, 71, 190, 132, 137, 46, 154, 17, 86, 152, 128, 104, 91, 61, 166, 43, 21, 138, 50, 78, 87, 176, 191, 0, 14, 162, 73, 95, 57, 156, 153, 11, 69, 119, 70, 122, 131, 90, 140, 103, 22, 25, 97, 105, 124, 84, 52, 32, 35, 130, 64, 10, 125, 173, 167, 8, 31, 172, 177, 148, 129, 178, 5, 42, 109, 181, 151, 165, 169, 68, 62, 145, 171, 111, 4, 79, 89, 16, 80, 102, 113, 1, 186, 9, 18, 182, 2, 179, 30, 41, 144, 40, 136, 47, 72, 116, 184, 108, 150, 126, 157, 183, 160, 146, 67, 29, 6, 36, 106, 118, 66, 39, 74, 12, 19, 48, 83, 139, 56, 175, 170, 82, 142, 59, 185, 93, 96, 115, 174, 27, 161, 107, 149, 26, 120, 53, 15, 58, 24, 51, 159, 63, 77, 112, 127, 180, 141, 28, 155, 143, 3, 101, 123, 94, 188, 163, 44, 34, 158, 65, 133, 92, 187, 135, 38, 33, 147, 45, 76, 54, 81, 98, 168, 164, 189, 55, 85, 100, 23, ]
193	53.884	[102, 53, 141, 89, 86, 149, 131, 88, 63, 123, 119, 103, 165, 162, 68, 167, 48, 155, 151, 12, 49, 17, 72, 50, 112, 81, 174, 0, 61, 164, 187, 95, 35, 150, 34, 132, 60, 111, 78, 117, 26, 77, 108, 120, 124, 30, 69, 18, 37, 181, 20, 11, 3, 64, 126, 56, 179, 153, 101, 71, 161, 118, 80, 28, 148, 96, 166, 58, 76, 134, 121, 142, 4, 51, 135, 85, 73, 1, 189, 67, 19, 106, 16, 173, 169, 180, 192, 147, 191, 183, 116, 21, 145, 29, 84, 57, 24, 139, 92, 172, 105, 32, 5, 190, 15, 114, 110, 55, 136, 168, 94, 128, 22, 25, 39, 154, 146, 133, 156, 66, 188, 74, 163, 122, 87, 127, 40, 31, 176, 2, 143, 8, 70, 100, 91, 157, 65, 36, 175, 184, 7, 82, 186, 158, 13, 43, 115, 27, 140, 170, 99, 14, 45, 107, 130, 44, 52, 129, 23, 178, 97, 9, 137, 113, 83, 98, 41, 62, 46, 125, 177, 185, 159, 171, 10, 152, 182, 93, 160, 138, 6, 47, 42, 104, 75, 79, 144, 33, 38, 59, 90, 109, 54, ]
194	59.507	[168, 145, 118, 35, 140, 102, 128, 12, 101, 81, 51, 56, 189, 53, 186, 89, 44, 31, 83, 160, 166, 110, 129, 7, 50, 55, 61, 191, 163, 184, 126, 143, 25, 85, 95, 97, 170, 148, 46, 77, 4, 114, 108, 94, 92, 172, 124, 173, 134, 73, 182, 142, 75, 156, 49, 17, 52, 103, 37, 90, 59, 78, 164, 151, 38, 14, 20, 171, 28, 96, 42, 180, 43, 26, 99, 135, 147, 68, 33, 185, 60, 1, 139, 178, 29, 183, 161, 27, 175, 190, 82, 120, 111, 40, 130, 11, 179, 70, 66, 18, 192, 181, 141, 2, 79, 87, 57, 34, 193, 98, 125, 158, 113, 131, 64, 15, 45, 154, 138, 16, 122, 119, 36, 48, 0, 169, 54, 127, 62, 24, 8, 165, 76, 21, 71, 188, 105, 146, 115, 23, 144, 6, 136, 109, 132, 88, 167, 5, 100, 155, 137, 107, 32, 84, 22, 162, 39, 58, 123, 30, 69, 67, 74, 3, 174, 10, 152, 63, 19, 86, 133, 187, 93, 112, 106, 116, 159, 153, 72, 176, 65, 91, 117, 13, 47, 121, 41, 80, 149, 9, 157, 150, 177, 104, ]
195	60.067	[135, 52, 94, 90, 104, 79, 120, 138, 131, 88, 173, 179, 167, 151, 119, 70, 115, 86, 13, 53, 114, 149, 156, 66, 145, 157, 127, 105, 164, 6, 155, 29, 180, 49, 132, 161, 71, 62, 165, 23, 111, 65, 106, 18, 75, 110, 112, 140, 1, 55, 183, 181, 102, 93, 96, 60, 14, 9, 17, 108, 28, 168, 98, 77, 63, 97, 184, 54, 126, 177, 186, 0, 125, 153, 147, 69, 16, 123, 87, 35, 22, 36, 48, 85, 57, 194, 24, 162, 64, 67, 33, 187, 136, 154, 101, 30, 144, 174, 11, 159, 89, 190, 129, 34, 8, 143, 80, 193, 10, 146, 133, 192, 45, 176, 166, 100, 83, 7, 188, 178, 139, 124, 148, 26, 171, 182, 2, 189, 15, 59, 44, 152, 31, 39, 130, 163, 68, 5, 72, 78, 128, 20, 160, 38, 3, 116, 47, 58, 117, 76, 41, 121, 25, 170, 103, 43, 82, 169, 141, 21, 42, 73, 122, 81, 150, 109, 107, 158, 113, 84, 185, 134, 91, 51, 95, 172, 99, 142, 61, 56, 4, 191, 27, 175, 92, 37, 32, 40, 19, 12, 137, 46, 50, 74, 118, ]
196	53.0006	[54, 1, 135, 169, 42, 68, 89, 150, 80, 113, 91, 145, 36, 116, 92, 146, 67, 184, 100, 171, 55, 190, 70, 143, 19, 96, 167, 88, 3, 117, 165, 63, 176, 38, 11, 194, 57, 126, 104, 12, 85, 61, 65, 166, 60, 24, 35, 13, 110, 7, 157, 48, 148, 45, 18, 81, 121, 87, 164, 156, 178, 172, 181, 122, 139, 73, 99, 84, 79, 112, 161, 64, 151, 159, 132, 10, 170, 141, 41, 49, 47, 15, 187, 182, 179, 4, 130, 189, 101, 158, 43, 191, 102, 133, 108, 97, 163, 173, 154, 50, 155, 2, 39, 14, 20, 134, 34, 27, 195, 95, 0, 114, 62, 160, 56, 98, 46, 22, 127, 131, 76, 29, 149, 32, 177, 123, 186, 168, 180, 16, 106, 74, 174, 51, 94, 52, 83, 152, 129, 138, 144, 37, 78, 26, 124, 72, 107, 5, 103, 75, 25, 31, 8, 175, 188, 59, 71, 193, 30, 140, 142, 120, 9, 111, 192, 153, 33, 185, 53, 109, 6, 69, 40, 118, 17, 23, 21, 183, 147, 58, 82, 119, 28, 115, 125, 137, 93, 136, 66, 128, 44, 162, 105, 90, 86, 77, ]
197	54.1378	[145, 104, 134, 169, 15, 94, 23, 95, 117, 41, 121, 24, 64, 56, 49, 155, 75, 73, 110, 13, 99, 47, 186, 60, 100, 92, 123, 111, 113, 103, 156, 153, 82, 80, 30, 163, 25, 137, 185, 175, 135, 46, 93, 50, 31, 159, 133, 65, 86, 32, 16, 76, 112, 29, 3, 5, 62, 98, 149, 129, 189, 181, 127, 45, 157, 51, 184, 116, 39, 177, 84, 68, 191, 118, 160, 179, 74, 125, 66, 132, 6, 17, 27, 154, 36, 10, 158, 78, 178, 63, 53, 174, 126, 194, 190, 8, 37, 9, 171, 193, 0, 20, 168, 124, 88, 21, 114, 151, 7, 2, 72, 18, 192, 182, 196, 38, 170, 144, 19, 52, 58, 150, 152, 101, 187, 71, 130, 85, 81, 139, 89, 167, 107, 105, 69, 90, 79, 22, 119, 109, 140, 102, 4, 165, 55, 164, 83, 43, 12, 96, 183, 146, 172, 120, 40, 148, 195, 11, 35, 42, 57, 176, 54, 162, 67, 166, 87, 97, 1, 28, 173, 161, 141, 14, 26, 106, 34, 128, 142, 136, 61, 115, 70, 143, 138, 91, 108, 131, 59, 44, 77, 147, 48, 33, 122, 180, 188, ]
198	63.2262	[155, 60, 91, 115, 74, 48, 152, 167, 28, 100, 168, 9, 123, 43, 71, 144, 97, 171, 150, 164, 118, 189, 117, 52, 11, 57, 114, 106, 185, 93, 20, 196, 2, 50, 159, 111, 166, 153, 142, 156, 145, 112, 108, 88, 44, 184, 27, 107, 128, 35, 181, 19, 188, 10, 192, 5, 63, 130, 86, 32, 104, 82, 24, 67, 36, 30, 101, 69, 64, 47, 92, 120, 173, 195, 34, 1, 81, 177, 16, 45, 90, 136, 22, 14, 194, 187, 133, 40, 178, 161, 31, 105, 0, 41, 87, 180, 75, 51, 53, 126, 151, 46, 169, 7, 3, 68, 137, 13, 176, 191, 125, 78, 170, 147, 61, 103, 172, 135, 129, 96, 160, 113, 174, 84, 18, 12, 95, 146, 21, 72, 139, 154, 193, 109, 175, 65, 182, 4, 54, 85, 165, 38, 42, 26, 186, 158, 141, 25, 55, 62, 94, 15, 76, 29, 79, 8, 66, 132, 116, 148, 99, 197, 37, 127, 149, 33, 83, 56, 73, 98, 39, 59, 163, 122, 23, 131, 110, 183, 58, 102, 6, 77, 162, 157, 143, 80, 138, 89, 124, 140, 49, 70, 134, 190, 121, 17, 179, 119, ]
199	66.6471	[40, 128, 20, 92, 103, 11, 96, 180, 93, 138, 129, 148, 145, 163, 39, 174, 112, 94, 126, 22, 19, 64, 97, 60, 21, 130, 139, 153, 95, 177, 175, 137, 43, 117, 36, 113, 74, 59, 158, 70, 143, 53, 24, 187, 167, 77, 27, 34, 173, 63, 197, 1, 184, 154, 110, 127, 98, 85, 152, 133, 80, 82, 14, 170, 115, 0, 142, 164, 10, 28, 48, 181, 165, 89, 6, 15, 178, 31, 4, 72, 9, 17, 168, 194, 69, 52, 169, 132, 44, 159, 136, 149, 33, 146, 12, 66, 49, 101, 5, 47, 188, 87, 67, 183, 161, 99, 198, 56, 25, 118, 160, 192, 58, 102, 86, 120, 151, 147, 116, 155, 182, 13, 141, 26, 176, 2, 191, 193, 157, 57, 121, 50, 65, 91, 78, 190, 196, 35, 46, 84, 104, 185, 111, 106, 41, 135, 114, 195, 61, 166, 189, 131, 42, 108, 45, 3, 156, 38, 62, 125, 134, 29, 172, 186, 171, 122, 162, 144, 54, 32, 7, 71, 30, 68, 88, 18, 119, 150, 179, 90, 79, 51, 107, 55, 73, 105, 123, 109, 37, 83, 124, 23, 76, 140, 81, 8, 75, 16, 100, ]
200	62.0939	[81, 92, 87, 6, 104, 45, 78, 67, 181, 34, 30, 99, 137, 127, 141, 159, 103, 110, 15, 43, 95, 56, 66, 18, 147, 158, 197, 146, 173, 83, 107, 128, 71, 193, 156, 145, 84, 63, 88, 140, 55, 153, 121, 105, 184, 26, 142, 25, 42, 49, 185, 94, 126, 16, 22, 39, 61, 194, 28, 183, 47, 106, 113, 139, 198, 155, 165, 12, 97, 60, 116, 182, 51, 19, 86, 0, 171, 163, 120, 199, 102, 119, 191, 14, 186, 192, 166, 169, 149, 178, 32, 101, 36, 187, 7, 122, 188, 114, 27, 31, 69, 132, 11, 29, 167, 48, 44, 123, 136, 76, 58, 13, 170, 1, 135, 148, 90, 176, 3, 91, 112, 17, 175, 21, 133, 129, 73, 196, 93, 62, 179, 46, 151, 23, 53, 74, 59, 4, 9, 150, 115, 2, 54, 125, 180, 100, 8, 75, 195, 190, 152, 174, 20, 40, 144, 50, 164, 189, 134, 172, 109, 138, 65, 80, 157, 38, 41, 108, 57, 35, 124, 5, 160, 77, 111, 131, 161, 130, 70, 85, 96, 154, 37, 117, 143, 33, 79, 10, 72, 52, 89, 177, 24, 98, 118, 64, 162, 168, 68, 82, ]
